900
932
883
852
917
853
904
843
861
921
853
888
915
867
857
869
873
834
894
850
878
847
838
869
851
934
859
865
875
888
884
848
863
846
866
901
897
870
833
811
914
873
857
871
812
867
893
860
923
844
867
848
888
858
915
873
794
926
894
799
878
883
945
845
810
811
861
915
897
863
886
877
945
906
815
848
902
852
869
920
916
871
875
887
855
871
875
867
911
906
852
916
790
918
884
881
870
884
920
871
866
880
827
862
853
859
834
807
911
883
847
951
909
893
842
979
824
850
819
896
857
939
893
911
945
847
851
915
893
882
907
904
843
901
863
889
899
881
858
848
854
821
856
809
850
901
827
876
874
865
879
814
850
847
893
863
882
906
865
917
871
851
921
852
840
810
901
884
830
836
839
934
878
833
898
813
837
901
880
848
890
924
914
879
925
836
918
852
791
844
881
866
822
835
873
930
860
908
845
900
819
892
862
871
896
859
888
844
889
931
925
847
877
852
934
924
854
901
917
894
857
834
872
817
901
899
858
843
844
859
844
872
863
879
881
887
879
899
898
887
848
881
896
903
916
895
895
880
864
853
861
860
864
937
898
792
870
857
868
865
953
920
864
867
870
894
863
948
914
873
876
867
895
866
953
919
872
877
893
871
914
843
910
857
875
877
895
810
888
894
840
909
891
903
889
883
856
823
937
883
846
862
876
955
841
908
890
849
862
867
920
821
943
865
846
891
876
871
888
912
915
846
904
841
842
776
855
934
836
836
898
843
854
934
847
853
902
819
900
857
903
871
859
897
872
901
837
827
867
871
887
850
876
882
854
894
855
848
891
862
888
846
850
873
873
941
919
887
861
893
881
853
849
816
943
866
870
835
808
830
873
851
867
856
867
832
965
909
880
885
864
853
858
858
914
862
961
890
898
819
872
820
896
951
840
918
833
858
921
851
814
852
820
900
868
831
869
848
928
862
840
846
877
867
886
831
803
820
788
875
845
913
847
932
888
841
904
869
847
864
820
952
899
921
915
821
891
887
791
918
919
897
852
883
859
850
874
856
840
885
859
835
903
836
937
819
929
876
867
856
875
867
847
832
854
882
893
908
854
852
872
910
824
863
918
818
855
831
921
873
860
860
885
887
876
859
818
889
884
826
890
926
884
885
905
870
850
878
892
854
774
888
868
827
908
906
927
867
907
848
864
866
820
859
868
875
880
904
874
905
915
836
887
921
827
811
872
853
889
858
858
809
870
809
861
849
881
870
874
923
901
813
888
887
864
939
830
864
870
853
841
888
855
922
966
896
839
863
864
877
864
844
868
882
819
841
862
848
896
884
808
847
855
878
887
832
856
896
863
845
929
839
831
870
899
902
789
798
845
827
943
825
834
832
879
815
877
826
901
892
844
822
839
842
909
848
839
849
852
916
860
875
899
835
911
887
865
908
860
802
830
833
843
860
842
900
903
824
854
850
854
914
854
878
882
862
848
856
878
810
894
851
847
875
878
874
883
893
874
860
908
856
869
819
875
843
897
838
849
850
828
892
851
831
798
852
845
872
921
863
859
884
861
864
879
884
884
825
894
881
866
879
890
892
877
817
865
913
797
895
931
855
902
811
808
823
832
835
848
849
821
905
883
856
872
822
865
884
880
871
905
832
844
842
847
854
887
860
851
907
815
830
872
884
883
874
892
852
900
884
880
850
790
885
825
846
881
814
791
841
903
787
851
875
827
836
949
882
800
841
926
906
789
864
923
841
832
828
838
841
854
883
860
825
823
855
852
881
833
888
921
894
840
852
874
898
846
890
910
821
832
875
808
860
838
843
877
907
840
874
895
807
821
866
883
852
816
877
835
914
863
870
897
832
904
867
898
927
939
885
802
921
880
906
857
872
894
843
881
812
851
877
875
860
881
875
874
851
916
795
869
854
825
841
851
865
886
879
875
854
816
846
902
819
807
813
911
908
841
904
846
876
849
911
882
927
898
909
824
856
864
817
835
855
879
836
796
821
852
893
811
831
832
815
892
906
826
830
884
822
849
861
921
867
813
871
885
881
841
853
860
819
890
825
828
900
866
864
797
927
876
841
860
847
847
856
858
945
852
913
846
829
882
860
858
806
871
893
834
865
864
895
902
841
871
844
907
820
875
821
916
847
867
865
927
921
854
892
878
824
870
848
834
893
865
786
860
873
840
858
897
867
923
890
863
860
952
889
882
869
878
867
906
901
839
878
859
839
860
878
901
865
823
883
819
929
830
850
869
888
831
837
776
841
875
880
844
851
889
914
836
831
855
840
831
825
835
873
852
874
896
935
883
803
911
901
889
863
901
878
866
987
842
860
892
841
827
822
838
839
803
865
891
862
835
891
828
878
879
943
864
823
849
832
867
784
816
882
900
910
803
832
901
844
847
840
860
835
860
828
876
911
816
931
839
860
895
889
874
832
861
891
815
861
831
841
770
893
840
853
906
848
813
884
851
865
846
834
885
816
903
911
832
807
884
855
881
898
847
864
876
907
836
871
862
872
820
834
889
861
851
897
835
864
843
891
812
814
831
872
873
880
870
808
828
837
855
852
855
819
837
856
851
866
857
872
878
877
849
915
936
864
823
930
849
871
935
919
939
901
886
848
835
797
859
872
881
900
921
897
927
850
896
951
902
951
936
899
937
856
961
1001
969
1011
1039
980
996
971
975
1012
975
1006
1029
992
1064
1148
1166
1111
1106
1113
1116
1136
1088
1068
1112
1181
1187
1183
1134
1120
1273
1312
1299
1288
1339
1350
1288
1281
1315
1319
1325
1342
1383
1465
1424
1377
1328
1483
1617
1680
1665
1674
1772
1829
1660
1679
1770
1759
1829
1789
1880
1784
1812
1804
1754
1919
1929
1976
1991
2132
1992
1936
2126
2155
2073
2166
2150
2236
2356
2339
2363
2428
2319
2393
2537
2467
2544
2708
2645
2680
2804
2860
2892
2794
2844
2886
3057
3010
2938
2962
2949
3078
3168
3180
3171
3112
3190
3211
3287
3185
3161
3151
3201
3164
3199
3267
3231
3299
3330
3286
3248
3325
3355
3372
3342
3261
3238
3289
3305
3303
3416
3362
3355
3346
3382
3343
3446
3369
3293
3376
3302
3288
3282
3371
3338
3271
3340
3355
3372
3337
3340
3408
3328
3355
3280
3289
3432
3335
3339
3328
3356
3375
3296
3327
3296
3331
3287
3356
3365
3303
3327
3418
3422
3392
3449
3320
3202
3304
3271
3299
3356
3390
3440
3383
3274
3353
3348
3337
3321
3268
3368
3335
3270
3328
3313
3358
3366
3275
3307
3324
3373
3384
3344
3345
3382
3353
3295
3400
3397
3419
3223
3364
3349
3353
3358
3315
3353
3394
3430
3360
3308
3260
3382
3306
3264
3382
3350
3339
3348
3327
3261
3312
3359
3388
3333
3318
3425
3409
3321
3359
3366
3372
3366
3407
3354
3382
3407
3392
3345
3316
3314
3433
3372
3367
3405
3437
3345
3395
3368
3329
3329
3353
3388
3424
3403
3359
3341
3335
3385
3274
3374
3366
3409
3350
3379
3350
3378
3368
3417
3327
3353
3396
3384
3352
3328
3328
3293
3340
3374
3182
3339
3358
3431
3405
3368
3367
3350
3435
3384
3314
3372
3326
3308
3404
3384
3292
3327
3374
3318
3363
3320
3280
3363
3354
3328
3313
3345
3299
3361
3366
3326
3441
3400
3354
3398
3390
3453
3377
3380
3321
3363
3389
3359
3328
3356
3385
3372
3328
3360
3298
3352
3430
3409
3371
3350
3283
3335
3351
3305
3372
3366
3333
3288
3335
3371
3273
3381
3335
3280
3255
3343
3344
3303
3385
3250
3307
3338
3318
3422
3426
3383
3390
3343
3391
3328
3312
3317
3320
3328
3368
3315
3441
3308
3299
3315
3371
3326
3401
3352
3228
3369
3310
3278
3337
3320
3340
3323
3328
3366
3305
3395
3291
3450
3435
3409
3354
3297
3339
3337
3267
3363
3278
3303
3266
3367
3387
3386
3403
3322
3307
3251
3314
3294
3350
3410
3290
3286
3256
3304
3346
3351
3361
3378
3299
3345
3316
3407
3283
3265
3376
3301
3295
3218
3245
3283
3261
3280
3302
3283
3270
3241
3289
3254
3315
3230
3336
3297
3313
3265
3275
3156
3238
3239
3168
3221
3269
3183
3160
3148
3159
3210
3170
3169
3215
3031
3064
2993
3002
2945
3010
2936
2852
2948
2905
2852
2880
2780
2672
2567
2529
2556
2565
2392
2528
2387
2373
2340
2303
2043
2052
2034
1939
1924
1879
1725
1642
1635
1532
1555
1563
1386
1369
1315
1302
1211
1256
1219
1151
1072
1084
1115
1097
1024
1043
1019
982
939
955
900
1003
877
872
866
908
883
854
903
836
873
927
926
874
828
854
849
874
822
872
946
871
868
891
908
919
830
821
857
860
938
848
896
912
872
849
858
795
881
875
911
877
868
900
878
835
862
877
903
849
823
875
895
929
864
902
820
904
879
891
832
884
949
862
923
915
927
889
862
851
862
878
856
862
870
840
878
863
835
891
822
919
877
823
943
830
844
890
834
852
885
832
886
832
812
900
826
847
896
864
880
880
871
827
887
841
800
902
897
885
871
885
904
824
861
921
905
942
852
849
930
941
874
859
871
825
827
878
845
879
837
867
839
875
862
826
905
917
875
833
882
858
854
871
842
866
846
876
820
830
858
880
828
983
852
868
835
936
938
937
904
867
852
818
860
872
887
861
881
879
864
876
819
864
853
872
896
882
849
894
874
857
837
884
867
891
880
902
830
878
804
891
875
873
795
854
899
933
838
856
888
862
840
840
861
815
866
890
871
912
887
892
851
860
849
867
917
899
822
791
841
873
899
867
821
828
874
916
889
860
845
879
834
848
884
881
854
798
838
885
902
805
971
854
842
861
887
833
797
860
862
839
865
859
910
903
827
877
830
873
822
865
862
850
876
895
830
938
875
879
821
952
927
867
860
880
878
908
893
863
873
891
912
888
857
867
830
838
902
870
905
850
860
911
867
922
862
864
850
903
871
845
939
819
848
896
925
864
827
891
853
883
875
880
811
882
864
918
844
901
945
838
878
915
873
860
903
849
865
892
850
880
833
823
903
850
824
827
889
783
851
903
891
845
840
867
826
877
834
895
926
912
813
802
892
864
894
864
838
872
839
839
860
840
841
920
880
880
883
865
838
860
863
857
816
900
808
835
969
880
844
873
898
826
876
845
930
811
873
846
888
804
858
854
864
824
865
828
861
883
858
864
841
855
858
868
928
828
835
857
895
828
903
862
879
779
834
909
834
924
864
916
861
900
876
899
900
849
869
910
839
872
860
833
901
908
906
886
905
865
851
859
744
870
917
909
842
909
865
865
867
848
822
870
843
867
838
819
898
832
875
865
833
857
860
853
857
838
856
905
832
834
924
888
878
858
899
888
879
825
821
837
884
863
829
849
907
859
846
882
855
867
888
908
818
883
817
860
817
876
863
824
919
915
924
874
850
895
789
805
806
854
886
882
775
884
913
903
843
882
863
859
849
902
814
919
828
843
855
872
917
828
877
868
890
897
798
879
876
894
887
897
912
872
844
873
816
884
894
844
820
884
841
861
845
878
838
861
862
879
863
944
898
894
872
876
879
899
913
906
887
905
830
843
845
885
850
899
913
856
834
796
910
847
906
866
865
897
875
876
802
860
822
867
901
862
816
912
921
873
856
822
886
880
876
875
863
857
846
864
848
909
891
875
826
861
844
891
840
855
843
843
754
861
851
842
878
894
910
881
891
832
885
859
846
919
922
856
864
824
877
879
864
867
857
899
808
849
833
912
909
880
850
839
908
873
819
855
950
872
905
871
917
888
866
784
899
821
821
878
857
879
849
902
892
801
889
919
920
902
841
838
859
868
849
889
885
856
895
878
911
868
873
829
880
876
863
847
826
823
876
805
853
905
812
845
876
903
915
903
939
881
825
895
839
822
902
886
886
927
869
840
855
869
882
855
895
950
857
866
854
899
881
836
912
849
871
896
839
864
856
896
813
875
868
800
897
871
860
867
852
784
855
817
830
865
853
848
832
897
855
876
903
884
864
839
853
871
845
865
884
854
803
849
851
865
888
924
895
869
884
803
864
864
872
908
853
914
836
853
824
882
851
885
817
840
871
823
883
876
878
911
884
872
856
886
834
849
880
913
833
862
861
822
792
876
885
851
891
908
842
875
868
886
938
852
850
848
858
854
815
828
815
854
855
868
832
839
835
944
855
884
870
897
882
832
844
884
872
846
892
881
871
855
841
912
848
898
880
853
848
858
850
907
805
857
870
819
838
880
869
916
823
875
890
880
891
925
842
815
856
864
868
856
828
845
862
825
860
819
912
878
957
855
902
907
864
843
860
877
872
884
871
898
837
900
878
872
858
830
883
928
812
836
835
870
926
944
882
873
835
851
862
889
880
888
906
881
852
869
906
855
815
891
860
919
875
848
837
842
897
866
890
854
866
910
923
840
833
865
862
831
874
832
855
821
829
830
824
830
866
904
884
819
885
864
852
902
876
843
855
871
869
928
890
864
863
849
887
899
865
929
904
848
800
828
880
852
905
918
856
883
866
874
851
863
852
846
805
844
877
868
877
841
898
846
824
897
898
827
857
809
881
868
830
867
814
798
867
929
938
784
902
875
880
928
868
835
833
818
816
859
