916
800
875
920
875
936
872
847
895
889
837
886
873
820
819
883
826
836
844
821
889
880
888
943
855
836
883
833
889
887
878
876
846
880
879
849
843
841
829
874
891
895
787
940
865
890
865
847
843
899
904
951
857
881
897
941
867
845
821
838
876
847
867
840
871
836
892
841
905
854
896
913
889
881
916
871
849
888
849
812
907
849
812
889
905
905
879
840
860
939
862
864
926
894
872
872
888
935
841
860
870
850
954
888
896
844
904
888
856
844
845
860
853
816
924
855
854
883
856
896
908
895
867
921
843
896
881
866
854
865
880
885
865
848
839
863
867
860
930
881
884
857
863
864
839
913
847
897
865
917
900
831
878
861
851
881
891
926
848
915
878
875
897
803
865
848
880
824
856
900
895
838
868
770
895
892
862
887
931
861
851
878
819
820
937
885
901
886
864
838
881
836
902
849
899
870
916
843
926
844
834
905
803
913
904
867
872
874
854
850
920
828
911
846
825
870
834
892
894
807
873
852
915
890
891
983
868
927
891
856
832
908
864
910
937
910
909
889
924
931
828
839
870
849
878
898
824
887
911
875
896
848
878
925
851
866
843
832
831
859
835
887
859
897
881
929
884
864
907
864
858
896
896
930
861
924
902
860
826
885
893
780
917
902
799
859
860
856
890
899
945
888
857
919
867
862
902
844
903
851
840
827
838
863
888
885
820
950
884
918
918
881
838
803
863
902
908
900
888
853
883
820
877
916
881
876
891
877
869
879
889
899
939
861
837
897
848
913
894
862
852
836
831
871
846
851
915
822
845
850
875
852
858
883
827
904
860
866
883
851
861
799
830
873
889
896
874
828
938
820
822
823
927
842
820
923
848
931
891
825
863
880
887
866
864
908
804
863
879
866
886
940
817
856
849
854
862
927
889
878
908
843
810
878
817
882
899
885
912
847
808
812
868
860
900
882
867
874
920
893
865
908
894
862
837
852
869
912
842
820
938
857
918
906
879
939
884
860
899
886
867
915
814
887
925
865
925
869
889
868
868
850
846
873
824
857
885
842
804
862
867
921
876
892
931
903
908
884
907
885
901
822
882
841
880
819
870
910
920
861
869
853
812
892
851
826
911
921
903
888
871
894
840
862
845
858
858
844
901
888
858
890
926
859
911
885
844
868
871
870
913
884
880
844
869
900
935
860
891
833
843
822
804
872
874
836
895
891
885
926
834
943
918
898
886
890
876
889
871
868
890
898
880
902
960
860
894
844
888
857
875
906
899
916
822
896
838
856
885
919
847
936
855
908
947
864
895
852
846
860
928
850
916
863
953
873
909
838
879
865
932
798
847
858
872
897
866
863
900
914
893
863
889
882
914
825
860
857
840
840
963
892
867
934
826
896
894
844
857
848
877
932
849
913
892
865
901
891
929
860
871
809
834
878
826
847
925
847
893
825
930
852
958
903
847
830
829
888
869
845
819
844
858
884
935
823
898
907
894
841
890
873
925
868
792
847
898
838
899
863
887
891
912
865
870
890
842
870
856
841
868
871
873
872
839
840
892
907
872
850
869
872
869
888
936
904
863
903
849
883
840
858
870
844
916
864
840
846
864
884
866
806
854
869
938
874
895
861
867
822
896
935
911
875
919
879
898
891
832
872
925
904
876
851
921
951
847
936
921
862
901
898
924
894
908
899
831
935
851
876
851
936
876
836
883
884
910
896
860
926
891
861
867
898
939
900
921
946
947
908
919
919
854
864
965
917
934
868
916
968
929
1004
902
956
923
978
876
986
1007
1000
924
951
911
900
1038
905
901
933
964
939
904
944
897
894
874
936
934
933
963
925
950
955
904
932
974
939
888
934
918
959
934
936
881
956
1014
979
923
918
981
861
949
877
877
949
932
1012
913
963
984
942
957
1018
924
1034
948
965
990
969
932
945
879
962
928
897
937
886
943
975
916
892
978
915
1022
919
1024
934
858
876
963
906
994
879
920
947
1012
975
920
1022
1013
947
984
966
852
936
917
931
940
1046
918
975
980
889
932
1006
958
930
931
908
1009
1028
972
962
974
884
876
1034
973
995
921
937
860
1003
954
1000
992
974
965
1007
944
939
972
950
996
1044
1024
975
1001
1069
1061
1025
987
1018
1042
1021
1013
935
1030
1031
1046
1030
988
1106
1065
1060
1036
1031
1127
1057
1123
1019
1062
1130
1000
1025
1156
1035
977
1113
995
1014
1078
1023
1016
1055
1006
1010
1033
1013
1056
1102
1076
1072
1136
1088
1133
1066
1089
1180
1134
1073
1049
1076
1099
1079
1093
1078
1098
1155
1153
1079
1114
1022
1071
1107
1088
1076
1102
1072
1050
1042
1192
1141
1093
1136
1213
1107
1112
1131
1208
1048
1088
1051
1089
1155
1140
1125
1079
1107
1118
1162
1176
1163
1153
1099
1105
1091
1075
1212
1201
1178
1124
1179
1159
1155
1179
1100
1188
1253
1143
1250
1280
1090
1103
1181
1139
1176
1096
1130
1123
1135
1091
1188
1183
1175
1320
1160
1176
1126
1114
1049
1209
1158
1196
1273
1188
1252
1202
1171
1152
1255
1203
1252
1278
1208
1308
1267
1281
1184
1282
1347
1151
1248
1159
1304
1331
1223
1289
1287
1240
1272
1258
1174
1229
1244
1318
1350
1279
1186
1306
1290
1256
1184
1201
1284
1265
1350
1268
1283
1270
1219
1270
1308
1244
1255
1293
1218
1139
1341
1218
1234
1261
1252
1393
1291
1355
1219
1376
1340
1349
1392
1414
1394
1459
1320
1255
1348
1264
1366
1382
1421
1442
1392
1307
1291
1339
1240
1392
1371
1355
1279
1272
1291
1433
1456
1438
1376
1477
1427
1479
1431
1439
1428
1385
1384
1511
1507
1548
1514
1539
1443
1488
1475
1385
1494
1376
1438
1505
1540
1511
1523
1581
1511
1504
1382
1482
1435
1446
1575
1451
1437
1394
1492
1461
1514
1384
1486
1460
1608
1476
1476
1536
1604
1623
1611
1592
1695
1697
1601
1532
1602
1710
1664
1687
1667
1614
1686
1790
1559
1552
1445
1552
1484
1583
1553
1501
1661
1697
1562
1658
1642
1624
1572
1652
1650
1516
1619
1669
1609
1649
1517
1611
1654
1775
1626
1643
1689
1549
1651
1606
1498
1563
1600
1722
1740
1692
1603
1594
1618
1671
1672
1686
1643
1676
1641
1847
1782
1784
1683
1708
1825
1815
1744
1657
1792
1727
1634
1565
1724
1622
1768
1567
1677
1740
1826
1732
1752
1761
1831
1772
1771
1881
1775
1701
1729
1735
1829
1770
1800
1887
1897
1954
1875
1936
1716
1683
1760
1864
1715
1805
1737
1799
1737
1780
1833
1840
1768
1876
1881
1899
1907
1906
1889
1838
1943
1954
1824
1870
2016
1963
1899
1764
1807
1935
1843
1764
1850
1849
1987
1831
1848
1863
1880
1807
1913
1940
1957
1788
1801
1800
1743
1872
1766
1827
1729
1915
1870
1816
1970
1838
1898
1936
1823
1855
1910
1795
1827
1810
1787
1826
1905
1977
1928
1848
1894
1882
2072
1908
2052
1925
1996
1944
1946
1854
1966
1868
2032
2179
2022
2130
2119
2082
1959
1971
1941
2006
1945
1996
1940
2054
1965
1887
1951
1989
1911
1906
1937
1900
1956
2161
1928
1868
1864
1900
1943
2019
1966
1876
1854
1740
1739
1990
1886
1851
1882
1806
1845
1907
1813
1935
1815
1850
1849
1971
1971
1842
1936
1905
1870
2062
2008
1984
1926
1898
1940
1993
1929
2003
1920
1753
1786
1867
1724
1923
1867
1846
1945
1927
1975
1880
1963
1892
1864
1836
1907
1806
1799
1855
1947
1841
1894
1988
1997
1867
1814
1833
1804
1863
1777
1939
1921
1989
1858
1904
1852
1937
1823
1853
1830
1871
1792
1779
1692
1903
1862
1854
1720
1860
1765
1920
1779
1794
1792
1815
1835
1816
1896
1863
1827
1913
1763
1823
1804
1814
1758
1698
1740
1804
1840
1782
1760
1779
1676
1735
1716
1734
1873
1689
1852
1735
1689
1835
1650
1618
1790
1681
1743
1752
1821
1746
1802
1782
1682
1602
1729
1712
1734
1685
1756
1644
1783
1699
1639
1663
1830
1659
1675
1629
1640
1502
1506
1671
1550
1737
1823
1666
1710
1642
1608
1777
1734
1641
1633
1676
1790
1644
1709
1536
1588
1548
1588
1622
1592
1598
1604
1664
1737
1642
1639
1649
1769
1620
1584
1590
1671
1614
1582
1524
1595
1571
1641
1501
1494
1518
1536
1590
1605
1497
1548
1544
1591
1590
1480
1432
1533
1440
1515
1395
1478
1447
1532
1486
1528
1478
1463
1470
1470
1442
1533
1530
1449
1550
1489
1479
1501
1535
1454
1375
1442
1434
1470
1452
1556
1527
1449
1439
1434
1470
1435
1500
1424
1387
1474
1454
1341
1474
1504
1420
1456
1512
1411
1399
1452
1512
1399
1485
1432
1395
1436
1398
1463
1413
1482
1460
1468
1410
1332
1438
1374
1375
1433
1416
1400
1409
1522
1310
1361
1378
1332
1316
1352
1404
1334
1388
1384
1308
1228
1414
1264
1375
1311
1355
1292
1398
1359
1325
1420
1322
1333
1440
1408
1352
1493
1422
1367
1204
1303
1350
1386
1346
1294
1291
1352
1286
1240
1404
1371
1302
1216
1247
1251
1325
1345
1220
1197
1356
1232
1302
1311
1374
1270
1288
1329
1231
1237
1463
1292
1302
1261
1208
1240
1273
1216
1250
1298
1173
1240
1218
1317
1183
1260
1186
1259
1283
1242
1220
1315
1344
1253
1359
1309
1311
1187
1222
1282
1316
1284
1186
1278
1249
1227
1199
1175
1258
1320
1238
1176
1248
1247
1168
1192
1246
1241
1165
1193
1200
1148
1130
1198
1197
1143
1198
1249
1250
1218
1127
1122
1038
1218
1157
1255
1116
1209
1225
1227
1176
1110
1137
1147
1159
1200
1206
1184
1192
1174
1185
1100
1033
1129
1039
1060
1118
1186
1016
1085
1133
1056
1009
996
1137
1028
1099
1072
1073
1107
1076
1089
1056
1107
1073
1021
1130
1115
1051
1082
1169
1065
1104
1159
1020
1096
1108
1075
1143
1096
1099
1096
1110
1075
1014
1088
1128
1089
1046
1096
1029
1100
1063
1019
1095
1110
1032
1044
1037
973
1053
1011
1000
1077
1070
1108
1083
1108
1032
1048
1016
1084
968
1055
1071
1020
1118
1052
1028
1007
1030
1045
1054
1115
1008
1020
1047
1040
1021
1036
1059
1059
974
999
1004
1071
1118
1120
1110
1068
1002
985
1012
972
940
1011
1048
993
1004
1030
1003
1025
978
1012
1022
1003
1053
992
1019
989
1008
942
1011
999
984
965
1010
1008
944
972
1020
975
967
1025
961
992
959
964
990
919
1008
1028
984
970
1026
1017
1001
1007
1013
1062
1037
1046
934
920
935
1022
1011
1006
913
1023
1001
926
898
956
945
884
988
924
931
906
945
996
1017
952
990
977
992
983
1008
960
1036
925
963
951
947
945
979
1024
917
992
977
1069
936
974
958
941
902
956
927
929
927
905
965
966
926
883
972
933
1048
974
967
953
960
940
938
969
979
919
907
994
935
954
1022
933
907
962
904
949
1004
939
982
913
964
933
929
975
917
894
955
939
892
945
1034
952
974
912
942
870
955
863
889
921
940
940
801
825
951
911
997
906
891
867
836
984
935
932
903
1021
912
907
900
952
924
833
919
889
948
928
934
921
872
921
919
894
936
908
921
904
887
909
976
924
892
940
923
855
915
892
910
871
887
860
868
981
897
896
926
904
857
884
894
930
890
941
875
865
923
874
865
863
891
860
864
878
913
944
954
929
893
881
931
929
852
930
871
859
966
966
853
877
905
892
873
879
928
877
868
868
915
870
908
872
899
1002
919
964
870
902
905
859
883
896
908
905
841
865
904
804
881
810
880
832
893
888
843
856
842
901
897
882
906
825
923
860
890
874
893
924
876
912
893
903
868
884
890
856
853
876
870
860
900
883
922
831
843
859
875
832
916
927
880
894
900
896
853
923
898
924
870
902
900
853
878
902
847
929
905
813
897
788
878
896
844
838
841
868
931
867
874
875
889
889
901
932
858
884
842
845
841
858
942
903
890
862
908
905
865
892
874
852
855
871
882
877
952
920
869
830
887
843
849
884
874
890
874
900
901
910
926
902
873
875
896
888
813
885
858
849
847
861
870
880
856
834
874
905
926
808
867
884
857
886
905
853
892
873
915
889
901
932
874
916
899
859
908
871
851
881
905
868
899
856
811
844
763
884
927
872
827
917
870
913
939
894
875
850
817
918
931
928
848
873
831
836
924
832
918
876
912
831
876
864
841
853
830
815
863
913
872
883
868
899
863
899
858
894
823
816
906
836
826
868
910
913
871
900
892
966
924
843
871
846
871
805
913
956
866
808
844
830
896
950
947
854
903
916
892
877
888
919
830
895
836
852
875
852
887
891
834
862
861
883
818
801
868
815
847
895
883
846
826
837
935
867
919
862
878
884
873
880
807
844
884
876
873
896
850
944
837
847
832
891
806
860
839
871
881
853
914
848
828
933
926
882
889
889
896
816
919
904
860
841
896
824
849
887
816
871
883
878
861
914
858
857
790
827
892
886
882
830
866
803
933
836
894
883
891
868
902
857
852
850
857
920
846
864
877
875
913
828
881
854
921
870
848
919
877
833
828
878
845
866
899
816
908
920
835
864
947
871
855
859
835
924
851
924
871
854
922
865
934
911
911
862
908
870
835
927
884
884
825
843
855
878
897
925
895
953
868
755
905
865
867
830
818
853
894
869
849
881
851
851
884
886
874
859
868
847
860
867
875
866
852
865
807
857
871
898
831
857
897
894
895
865
875
840
921
858
895
840
886
887
794
871
895
880
846
846
851
884
844
860
851
849
817
877
796
924
907
871
860
914
804
871
836
786
856
847
860
890
903
861
833
865
896
898
838
925
887
897
862
876
930
863
870
946
885
804
842
829
909
810
901
832
822
849
896
902
858
829
811
823
889
926
817
843
882
876
899
876
891
842
820
880
845
895
835
852
796
861
871
894
881
892
867
910
825
931
921
898
846
905
878
893
876
868
945
887
813
861
822
885
846
867
828
906
897
911
809
910
889
880
823
868
804
849
856
778
879
834
856
812
828
856
853
822
