879
887
878
862
851
852
828
771
917
897
868
864
901
931
839
924
827
825
906
852
872
925
863
872
932
870
887
838
867
896
861
889
871
896
908
902
906
836
885
885
927
823
842
883
862
908
864
922
876
899
902
866
831
908
859
872
885
908
927
890
829
883
867
825
894
836
856
919
891
906
866
866
885
823
911
868
887
889
803
902
854
892
862
905
878
774
856
865
922
880
964
844
886
861
800
835
849
846
945
894
867
831
905
886
927
938
883
859
825
843
843
859
940
896
874
804
857
865
909
923
861
864
875
861
908
927
873
880
812
847
920
880
904
887
951
858
864
910
842
838
896
934
935
883
824
863
862
908
884
885
892
930
931
940
904
874
873
808
924
939
840
867
844
830
828
856
890
880
892
894
879
824
894
906
864
863
912
824
892
870
939
857
890
936
850
830
849
815
812
873
960
873
905
881
892
885
836
851
839
845
818
861
825
866
906
871
899
887
828
905
907
841
923
851
860
881
849
859
892
842
889
878
885
855
910
887
899
851
918
844
878
922
866
872
905
877
846
849
848
817
819
888
899
853
812
865
824
899
888
913
851
871
893
870
847
859
843
883
920
854
880
842
880
873
863
833
861
902
826
895
816
879
899
875
899
918
885
869
909
942
873
893
793
809
861
831
828
835
842
909
905
803
864
853
839
919
826
897
882
874
931
873
864
920
896
835
878
908
821
876
888
897
915
840
863
902
896
907
908
881
899
794
880
867
853
896
843
813
878
869
884
933
884
866
871
890
922
854
860
845
852
881
909
897
890
922
820
901
901
855
820
883
880
902
896
850
855
921
821
852
841
844
803
881
882
848
883
875
852
881
853
917
821
912
906
876
786
857
822
868
905
831
884
809
828
862
863
890
947
816
813
884
885
864
846
892
923
907
932
844
898
896
941
899
844
834
920
857
819
900
875
866
914
910
841
835
834
841
814
829
777
877
863
942
890
870
822
904
878
814
871
889
932
832
880
907
755
865
886
844
887
880
843
872
857
882
854
852
877
879
867
867
817
860
944
869
940
992
857
881
895
841
888
957
908
908
899
860
849
852
861
853
833
846
852
842
835
904
843
827
871
820
903
904
911
841
848
850
890
867
888
876
914
837
887
878
820
848
888
913
855
831
913
886
863
820
886
855
880
887
896
782
863
834
863
853
893
822
939
888
854
852
859
929
893
893
925
823
918
897
902
841
808
915
866
849
957
869
870
943
759
874
890
864
884
887
899
949
870
893
892
860
817
843
877
816
902
918
851
842
899
832
872
921
900
844
792
937
920
893
863
902
822
895
854
848
902
854
952
889
843
804
870
852
911
887
876
867
818
855
853
920
947
902
903
876
859
876
865
905
832
872
886
827
866
889
851
789
887
843
845
888
847
848
890
836
861
923
846
868
863
888
900
884
789
824
832
922
851
862
884
832
884
882
893
834
791
816
830
853
886
816
878
812
837
886
870
861
932
911
856
897
909
879
921
837
822
782
855
887
893
865
860
862
880
904
828
848
856
854
854
881
866
820
877
845
877
866
914
898
853
937
825
892
910
915
898
815
887
856
870
854
830
886
880
854
854
863
910
848
842
832
878
929
888
865
777
864
871
866
840
902
840
874
887
868
879
901
870
898
841
860
815
871
915
860
927
877
810
926
858
879
866
879
838
868
889
886
877
846
871
908
881
865
812
898
820
879
818
848
935
835
892
872
851
863
890
872
882
872
896
934
857
820
849
859
820
878
883
909
811
904
919
899
942
864
852
893
929
871
914
891
876
874
852
880
911
905
897
872
910
828
906
863
883
917
882
942
955
828
910
848
838
870
869
854
878
919
967
915
821
827
881
847
969
875
909
887
936
900
927
832
941
898
879
943
869
853
882
864
873
850
868
960
932
882
881
909
919
907
886
950
925
852
963
858
931
834
930
884
938
913
935
963
832
956
874
984
968
982
926
956
845
882
850
912
886
972
934
915
855
952
899
845
919
877
919
953
900
880
918
979
932
995
894
1000
905
904
940
940
931
1005
962
922
915
959
955
981
902
976
1011
915
977
993
986
947
985
951
928
906
987
990
960
1008
958
984
981
1026
978
971
1017
920
870
939
1059
1006
1007
1011
985
997
962
959
991
934
924
1011
1055
1011
991
1063
1108
1020
937
993
1029
1056
1029
951
985
950
1039
905
1012
977
1006
1031
1001
1080
1140
1061
1020
1092
1082
1048
1013
1072
1025
969
1106
1007
1064
1040
1059
1024
1021
1038
1066
994
962
986
1004
982
1013
1035
1029
988
1055
1096
1127
1039
1054
1115
1105
1130
1113
1104
1098
1080
1120
1108
1059
1072
1129
1107
1127
1117
1100
1089
1047
1186
1098
1204
1150
1068
1156
1161
1055
1191
1193
1219
1228
1180
1180
1299
1206
1193
1211
1155
1065
1211
1239
1256
1383
1261
1218
1215
1236
1171
1376
1265
1258
1255
1308
1238
1221
1248
1166
1256
1287
1312
1257
1211
1227
1204
1205
1211
1169
1223
1251
1214
1138
1168
1231
1318
1334
1326
1280
1331
1373
1267
1240
1389
1399
1458
1430
1324
1344
1281
1315
1339
1279
1317
1257
1196
1314
1315
1367
1312
1300
1291
1292
1408
1506
1260
1312
1308
1294
1274
1344
1175
1344
1313
1372
1363
1422
1455
1395
1370
1401
1393
1398
1384
1388
1311
1288
1210
1327
1417
1347
1539
1401
1459
1536
1514
1521
1356
1400
1458
1422
1438
1382
1447
1453
1472
1466
1379
1347
1423
1389
1386
1445
1409
1387
1500
1431
1509
1425
1590
1536
1384
1361
1443
1468
1569
1646
1526
1576
1511
1378
1464
1381
1524
1577
1464
1729
1610
1636
1614
1519
1599
1689
1531
1715
1673
1620
1542
1503
1709
1782
1743
1525
1614
1628
1486
1606
1688
1656
1665
1721
1655
1744
1638
1673
1567
1707
1531
1538
1695
1620
1641
1644
1539
1674
1620
1741
1698
1698
1724
1778
1838
1750
1628
1769
1691
1717
1855
1788
1790
1885
1788
1672
1828
1830
1671
1695
1806
1824
1898
1787
1873
1761
1805
1787
1722
1761
1708
1867
1818
1810
1907
1843
1875
1801
1727
1802
1840
1755
1684
1758
1910
1869
1962
1780
2028
1842
1846
1761
1869
1907
1896
1903
1841
1898
1931
1775
1999
1911
1979
1877
1895
1884
1961
1943
1833
1901
1946
1993
1938
1883
2006
1960
1859
1988
2055
1915
1992
2096
2091
2177
2181
2007
1976
1955
1969
2040
1977
2046
2004
1985
2025
1977
2014
2009
2023
2089
2056
1942
2158
2049
2081
1996
2052
1932
2091
1971
2065
2011
2176
2178
2056
2119
2108
1996
1946
2088
2011
2136
1964
2164
2272
1989
2181
2248
2172
2107
2072
2165
2109
2190
2169
2089
2070
2052
2128
1962
2001
1935
2178
2179
1990
2144
2055
2139
2075
2124
2202
2137
2128
2016
2155
2175
2214
2108
2310
2241
2308
2252
2259
2290
2272
2239
2222
2154
2203
2258
2158
2176
2175
2190
2153
2110
2209
2243
2155
2175
2136
2130
1961
2048
2107
2097
2195
2208
2302
2109
2158
2073
2212
2182
2108
2220
2244
2256
2303
2210
2272
2309
2219
2150
2099
2119
2180
2208
2080
2143
2162
2161
2110
1956
2133
2228
2159
2076
2105
2129
2126
2286
2184
2180
2105
2137
2154
2256
2080
2121
2180
2068
2103
2166
2062
2216
2217
2056
2102
2131
2160
2126
2100
2012
2181
2043
2127
1904
1912
1986
2038
1991
2056
2178
2024
2103
2111
2052
1994
2022
2036
2060
1944
2056
2050
2104
1917
2131
1977
2075
1927
1992
1912
1999
1940
2000
2140
2133
2176
2054
2035
2011
2087
2015
1982
2038
2107
1986
2057
2070
1866
1971
1936
2019
2001
2018
1865
2131
2028
2019
2055
2034
1988
1960
1784
1784
1908
1955
1959
1995
1919
2014
2054
2072
1926
1880
1933
1919
1926
1870
1888
1871
1894
1908
1767
1921
1796
1803
1904
1903
1826
2029
1843
1778
1836
1860
1770
1905
1759
1764
1718
1725
1820
1786
1760
1884
1863
1853
1735
1881
1715
1802
1825
1840
1796
1815
1796
1895
1798
1878
1754
1800
1673
1669
1813
1854
1827
1704
1692
1747
1784
1796
1700
1746
1680
1720
1617
1608
1685
1678
1704
1688
1715
1734
1644
1687
1666
1675
1562
1714
1742
1601
1618
1529
1566
1527
1615
1489
1466
1446
1649
1596
1454
1490
1520
1615
1582
1525
1619
1554
1586
1563
1594
1564
1603
1521
1594
1563
1502
1448
1592
1618
1507
1611
1500
1470
1586
1429
1444
1437
1367
1456
1526
1481
1455
1449
1563
1577
1548
1532
1539
1499
1451
1478
1454
1532
1523
1564
1603
1611
1495
1532
1421
1508
1252
1430
1460
1461
1490
1433
1437
1422
1372
1455
1435
1428
1409
1421
1470
1397
1468
1467
1532
1354
1442
1499
1516
1417
1495
1528
1486
1411
1519
1388
1318
1447
1360
1520
1411
1355
1326
1487
1478
1349
1470
1347
1440
1316
1328
1420
1404
1293
1354
1339
1358
1323
1318
1255
1247
1358
1316
1341
1340
1407
1389
1335
1394
1355
1299
1316
1455
1376
1271
1325
1458
1360
1224
1283
1261
1331
1352
1358
1287
1246
1243
1283
1405
1256
1257
1297
1348
1241
1280
1264
1292
1301
1264
1284
1268
1291
1224
1252
1176
1278
1193
1284
1223
1313
1241
1177
1267
1288
1200
1266
1209
1225
1154
1225
1212
1171
1160
1188
1157
1191
1183
1164
1183
1190
1124
1119
1172
1088
1250
1187
1288
1206
1216
1113
1148
1180
1144
1226
1168
1198
1121
1164
1147
1129
1182
1140
1187
1161
1217
1107
1091
1086
1091
1167
1162
1164
1056
1055
1080
1161
1175
1142
1188
1120
1182
1140
1101
1158
1083
1120
1186
1256
1146
1145
1076
1066
1152
1108
1129
1077
1107
1128
1172
1148
1163
1150
1003
1018
1078
1144
1126
1060
1104
1087
1104
1073
1141
1100
1118
1111
961
1133
1034
973
984
1027
1076
1066
1056
1023
1031
1042
1011
1062
1112
1072
1045
1076
1006
978
990
1032
1118
1004
994
1014
1041
986
1019
1082
1006
1118
1052
1064
1078
1020
1123
1041
1019
986
1051
1002
1029
1022
1086
985
1076
1075
1085
1100
1021
1026
996
1002
997
1009
969
1023
964
1083
1049
1042
1048
1028
994
1020
974
1026
900
999
1059
948
1046
973
948
956
1015
937
1001
1006
958
1020
1020
999
1081
1009
1028
994
945
932
1003
1022
975
977
937
1013
1036
974
935
1003
959
972
981
936
917
963
974
978
982
979
997
980
945
975
956
901
919
984
947
932
954
978
908
962
962
992
951
944
1004
1005
941
1009
999
884
947
993
931
915
930
923
953
884
904
937
908
910
931
962
931
958
923
951
905
917
967
955
996
936
942
869
927
951
926
884
979
860
928
927
952
922
946
961
958
950
993
1012
930
917
838
921
971
912
879
837
920
892
882
888
952
843
935
880
945
888
898
839
889
813
896
942
950
840
937
928
940
920
934
915
908
903
948
923
935
980
890
897
881
914
945
916
916
854
970
963
875
878
963
866
942
904
958
910
943
942
868
894
951
855
937
906
881
899
940
913
882
936
915
944
809
936
904
900
845
846
821
882
857
899
851
869
920
896
899
917
927
892
910
881
853
942
883
879
864
861
861
959
903
902
944
885
896
908
859
856
882
825
899
876
972
837
850
934
847
840
893
904
892
878
895
868
892
939
876
860
871
917
894
816
849
940
858
885
914
921
878
890
862
864
857
858
836
886
916
841
946
866
864
920
891
922
919
872
827
865
924
903
887
894
868
864
864
867
853
879
897
879
887
869
950
911
907
849
841
836
919
856
919
862
923
869
853
804
861
915
993
843
865
918
872
863
930
912
935
865
866
885
814
865
884
849
903
940
905
873
839
886
885
848
921
910
880
910
892
885
883
863
876
910
849
879
857
824
920
896
893
831
846
891
820
878
981
887
892
877
920
794
842
798
949
917
884
844
870
882
855
850
840
836
846
914
896
855
819
868
868
859
864
820
896
808
845
851
851
849
849
867
880
867
825
862
876
871
922
877
883
874
878
916
831
858
913
907
867
910
866
866
835
896
894
915
920
889
844
915
880
915
864
878
856
885
913
857
897
910
872
926
867
824
880
768
845
910
862
846
896
827
894
841
865
868
848
902
877
884
901
812
819
857
890
867
844
878
859
929
876
839
893
817
831
823
857
902
868
884
825
846
901
898
863
883
848
889
901
863
924
875
915
844
856
880
823
837
848
857
805
925
909
789
842
957
897
892
887
845
841
936
870
851
893
931
888
891
867
839
867
900
884
859
874
853
864
895
855
897
909
913
876
865
840
875
895
887
863
862
833
886
888
879
824
845
821
890
872
867
879
847
779
821
849
859
835
921
851
835
855
850
892
841
836
808
949
857
859
894
822
885
824
867
879
881
882
942
916
902
834
861
831
879
839
833
882
865
843
932
863
876
911
850
824
874
864
901
869
815
862
826
798
873
913
863
821
897
855
876
812
830
917
856
849
889
866
811
880
852
874
856
825
877
875
824
813
853
863
855
867
825
903
810
889
846
856
902
847
820
864
812
897
908
837
869
822
838
824
828
869
870
836
801
829
836
950
880
858
884
856
880
847
871
802
895
828
920
865
854
859
888
818
876
908
840
882
920
910
815
825
881
818
843
848
788
864
854
862
792
859
877
919
816
881
877
860
896
850
842
857
921
899
889
855
910
846
852
850
908
873
867
806
934
855
872
918
907
915
894
899
829
1001
912
892
912
862
890
835
860
822
959
889
883
863
892
920
849
980
869
883
859
828
860
868
864
849
891
929
878
883
882
831
821
916
939
939
817
883
866
831
874
836
876
873
902
898
795
903
882
816
842
832
817
894
852
896
844
852
896
845
867
871
903
867
836
922
852
848
845
828
933
909
910
840
822
865
923
841
846
832
831
884
899
812
883
871
888
869
876
894
838
856
879
853
865
818
901
868
807
881
915
869
871
853
839
915
