857
898
774
877
814
895
894
916
945
858
893
854
860
793
871
874
869
823
919
871
869
863
924
855
816
960
864
825
888
903
835
849
892
856
898
891
890
870
863
878
877
854
932
842
918
900
923
874
894
821
834
944
872
860
869
899
871
871
888
885
839
867
961
864
875
879
927
825
875
929
897
878
848
874
896
854
919
930
867
872
866
902
908
856
873
876
919
899
926
837
848
842
911
884
857
921
852
870
866
942
823
828
921
863
901
825
843
909
847
882
884
859
896
951
881
871
929
830
958
816
885
914
841
889
898
902
866
869
869
896
883
910
929
873
805
875
839
926
869
917
887
877
859
859
902
924
869
865
888
928
882
833
907
843
851
848
887
838
789
874
900
869
864
857
882
883
884
860
916
868
861
874
951
821
873
856
922
899
893
877
841
866
885
835
855
882
872
883
856
880
899
840
882
948
853
954
847
904
768
897
888
854
880
803
879
867
867
840
860
899
855
932
909
870
944
864
831
879
890
911
876
911
908
892
890
808
837
868
884
893
899
896
864
878
876
876
859
866
827
928
872
864
875
864
857
824
848
843
879
908
894
859
847
867
907
882
838
901
906
871
812
848
882
887
953
846
899
909
931
921
906
883
819
926
854
834
864
871
883
920
908
926
867
773
895
846
900
827
842
906
885
939
880
884
848
849
769
845
879
935
860
915
884
885
833
904
881
864
828
840
860
894
889
809
876
785
924
852
841
881
958
881
859
890
883
816
864
859
925
888
853
890
827
887
896
845
900
877
875
871
876
823
879
849
865
889
854
866
906
897
893
856
925
918
872
900
830
884
842
867
865
890
911
935
867
851
861
813
842
839
891
842
831
890
865
880
871
801
899
851
869
846
888
867
850
855
838
858
915
866
870
855
832
842
869
843
833
902
851
911
863
893
897
889
821
897
882
884
849
876
832
864
943
880
860
903
848
898
902
859
905
844
881
915
862
833
864
883
866
873
825
895
792
832
849
888
895
916
847
852
858
869
908
792
822
812
920
872
857
855
888
865
880
919
885
844
867
893
881
859
831
888
906
885
879
811
806
787
888
840
845
856
923
872
806
876
903
852
857
848
872
855
815
931
832
852
930
857
878
861
887
839
860
860
878
905
856
855
923
851
828
865
876
896
865
874
871
915
884
874
850
850
889
920
923
846
910
921
931
946
897
902
854
909
877
847
858
839
902
795
863
822
844
911
812
909
931
839
935
786
886
868
891
857
867
883
874
809
844
915
837
861
861
867
928
852
915
901
883
825
860
880
919
869
870
881
953
829
858
880
882
890
835
839
829
874
867
885
894
869
876
868
905
891
822
908
898
846
884
887
891
843
799
897
829
909
856
832
860
893
812
846
939
880
843
847
904
899
873
921
838
819
828
880
848
832
881
856
846
847
855
816
833
900
825
884
866
891
897
905
871
867
881
828
885
841
865
862
865
815
807
882
872
851
864
850
920
873
896
874
904
828
823
888
880
931
855
879
912
891
845
894
814
859
887
838
871
811
876
889
775
873
860
869
846
899
871
888
875
893
864
839
882
902
904
889
892
893
899
855
869
877
905
866
832
834
879
836
912
813
810
847
841
875
821
933
941
937
825
863
886
830
839
879
871
875
864
902
842
880
846
866
847
856
851
800
818
871
897
872
858
882
852
901
875
926
893
873
877
931
852
816
877
881
830
862
905
879
818
850
892
855
890
838
841
890
879
840
840
878
859
903
864
865
847
808
902
828
831
846
851
860
893
870
854
870
862
881
921
887
868
883
932
798
895
844
816
870
867
886
827
840
857
831
920
852
831
867
884
861
807
888
840
818
870
853
826
796
821
820
935
845
847
910
876
913
819
826
850
844
861
930
841
828
894
778
816
878
864
926
849
826
870
847
849
826
840
816
823
777
887
857
835
856
787
890
868
851
867
809
875
888
875
842
856
939
871
896
881
830
848
878
837
834
894
841
894
786
835
872
891
754
890
792
871
850
880
850
853
776
830
887
870
879
803
869
914
841
886
844
833
878
876
903
828
816
905
872
747
873
857
856
880
861
858
870
896
885
903
870
823
829
885
813
895
894
860
886
924
811
892
890
884
818
873
899
825
884
818
882
870
843
836
793
862
875
904
869
889
836
915
860
849
871
878
881
878
902
818
870
881
836
880
816
889
860
896
939
932
890
854
945
860
866
946
837
892
971
844
884
965
891
854
816
890
891
902
858
937
892
886
896
862
901
826
894
897
920
980
873
908
903
956
959
910
935
972
1009
903
912
924
998
851
924
892
960
943
886
959
925
905
852
988
920
981
913
968
969
1018
972
886
901
920
991
1004
975
992
972
946
952
970
976
1010
946
1007
1027
941
944
928
894
980
957
951
941
1015
1034
984
928
991
975
1084
1030
1044
1049
1048
1030
1053
1021
987
1058
1087
1044
1036
1076
1068
1033
1061
1012
1036
1076
1070
1052
1095
1086
992
1110
1097
988
1062
1103
1094
1045
1054
1054
1109
1081
1055
1088
1075
1080
1165
1082
1095
1067
1188
1123
1169
1045
1112
1202
1233
1155
1197
1237
1259
1190
1175
1214
1174
1269
1285
1201
1292
1182
1200
1193
1276
1179
1267
1282
1136
1168
1240
1261
1203
1190
1301
1270
1372
1274
1254
1310
1367
1324
1329
1221
1232
1259
1368
1287
1311
1253
1302
1340
1425
1383
1333
1280
1264
1324
1276
1414
1531
1387
1365
1385
1336
1443
1478
1476
1470
1568
1496
1476
1609
1614
1515
1557
1576
1622
1627
1679
1653
1610
1555
1561
1619
1561
1636
1693
1580
1763
1605
1701
1608
1700
1712
1724
1753
1809
1754
1584
1693
1705
1879
1789
1720
1822
1696
1661
1809
1898
1804
1788
1879
1824
1944
1970
1917
1851
1869
1924
1822
1876
1948
1960
1956
1944
2032
1973
2009
1993
2089
1984
2054
1972
2108
2067
2164
2275
2338
2281
2150
2190
2121
2116
2215
2171
2349
2076
2260
2166
2191
2214
2290
2382
2240
2320
2324
2454
2524
2426
2436
2387
2261
2386
2459
2400
2524
2559
2425
2451
2600
2428
2588
2574
2547
2386
2449
2528
2544
2541
2522
2634
2564
2593
2699
2732
2707
2664
2627
2691
2708
2744
2712
2638
2753
2819
2756
2756
2708
2816
2792
2738
2807
2741
2678
2897
2793
2914
2873
2944
2769
2844
2834
2908
2759
3044
2867
2967
3039
2866
3051
2996
2931
2991
2971
2959
3047
2959
3025
3064
3081
3180
3079
3080
3064
2963
2973
2897
3083
3088
3074
3136
2986
3154
2974
3008
2968
3200
3084
3135
3127
3169
3046
3112
3127
3304
3060
3220
3139
3096
3161
3176
3214
3210
3195
3157
3214
3152
3185
3083
3310
3245
3151
3228
3233
3320
3298
3305
3360
3286
3288
3212
3364
3194
3256
3210
3238
3191
3195
3158
3219
3182
3230
3183
3193
3155
3258
3135
3276
3160
3137
3244
3238
3200
3200
3121
3160
3182
3162
3245
3151
3188
3180
3265
3211
3185
3153
3306
3134
3246
3148
3251
3207
3387
3228
3201
3219
3203
3266
3294
3161
3118
3231
3321
3169
3164
3240
3168
3228
3224
3140
3205
3239
3131
3090
3229
3180
3219
3187
3218
3308
3260
3239
3320
3172
3165
3199
3213
3213
3100
3174
3091
3171
3142
3106
3200
3164
3190
3247
3315
3076
3080
3008
3162
3116
3110
3161
3035
3128
3186
3038
3184
3160
3199
3118
3241
3193
3092
3094
3008
3124
3119
3149
3052
3080
3080
3017
3030
3131
2974
3022
2958
3044
3080
3107
3057
3013
3041
2995
3010
3014
3085
2964
3033
2913
3060
3003
2967
2948
2902
3016
2944
2889
3031
2846
3019
2958
2982
2928
3015
2944
3007
2913
2940
2879
2830
2818
2835
2759
2767
2746
2740
2830
2821
2864
2866
2906
2882
2875
2797
2658
2844
2612
2839
2680
2697
2808
2702
2752
2665
2774
2676
2715
2739
2696
2614
2667
2606
2667
2584
2503
2509
2544
2567
2610
2637
2508
2564
2503
2582
2542
2575
2657
2508
2540
2512
2447
2483
2481
2401
2472
2488
2275
2300
2379
2354
2335
2417
2342
2335
2374
2361
2243
2352
2248
2247
2339
2343
2168
2258
2175
2265
2183
2238
2317
2187
2205
2130
2087
2185
2135
2166
2047
2207
2082
2180
2012
2084
2055
2091
2088
1991
1977
1945
2072
2070
2109
2147
2085
1916
2113
1884
1986
1982
1908
1766
1812
1984
1951
1814
1710
1847
1918
1883
1786
1871
1742
1787
1897
1781
1736
1759
1862
1748
1678
1679
1606
1768
1671
1805
1803
1719
1689
1613
1705
1674
1619
1677
1584
1513
1625
1536
1517
1737
1688
1572
1636
1619
1595
1497
1407
1404
1444
1564
1356
1384
1407
1281
1484
1448
1512
1478
1464
1457
1451
1516
1425
1637
1516
1507
1388
1315
1484
1564
1456
1484
1379
1391
1453
1369
1441
1309
1334
1288
1332
1260
1288
1266
1341
1210
1233
1207
1196
1232
1248
1298
1164
1203
1256
1231
1152
1139
1111
1182
1175
1140
1065
1133
1100
1224
1182
1169
1245
1237
1108
1259
1205
1078
1121
1058
1079
1123
1107
1086
1089
1162
1136
1214
1204
1116
1056
1209
1144
1168
1137
1129
1163
1137
1091
1035
1117
1072
1125
1184
1183
998
1075
971
1118
1094
1029
1114
964
1017
1034
1056
1093
1034
1060
1091
1036
1053
1073
1096
1049
1085
1059
1057
1010
1038
969
1013
1031
1002
1013
1042
944
1015
997
993
1006
1046
1030
1028
1037
940
987
1041
956
1105
966
907
876
949
990
951
956
926
1007
963
939
909
908
991
912
929
896
865
851
887
1031
895
931
972
955
952
946
992
927
954
942
963
961
950
942
1008
1056
852
983
1020
984
990
881
900
957
965
934
882
909
897
890
912
915
921
946
945
852
948
943
949
937
935
920
936
908
931
929
927
959
882
909
878
887
902
943
913
938
878
966
944
931
864
873
879
896
935
894
948
903
873
920
887
865
862
984
946
900
911
867
845
978
901
856
1022
885
896
884
903
885
878
879
864
924
899
828
876
895
936
842
948
921
898
879
908
828
919
909
908
928
924
894
927
923
963
883
881
904
911
921
883
910
888
907
873
882
938
929
805
953
908
927
925
924
899
863
909
889
885
882
920
873
929
885
867
881
916
839
904
894
864
844
917
868
815
842
861
912
887
847
830
860
848
877
869
862
873
924
924
860
892
902
916
884
905
845
807
850
843
874
897
874
859
889
815
915
810
871
890
931
916
829
862
837
896
923
885
779
873
855
859
864
901
860
879
817
833
851
912
867
855
883
872
915
862
917
883
867
867
835
838
887
912
894
844
823
902
858
858
911
867
875
863
910
945
888
858
864
877
904
877
943
849
849
815
883
848
865
811
910
872
825
835
908
904
887
932
876
844
846
813
879
872
823
853
892
846
910
886
821
873
877
820
896
865
897
879
851
881
888
887
803
868
866
875
939
883
843
903
854
809
864
881
889
879
859
924
888
869
906
826
877
872
874
893
848
877
888
793
856
863
852
834
886
801
795
861
836
866
785
836
891
863
887
805
855
882
841
886
862
847
893
900
824
878
842
871
901
918
898
856
886
844
816
879
796
909
832
817
856
886
883
896
859
863
875
852
874
916
824
867
926
850
825
836
960
875
886
816
963
835
900
845
878
888
852
841
827
839
871
874
886
896
911
880
885
829
848
883
848
821
826
807
823
872
839
813
886
889
842
897
865
851
840
842
830
835
910
840
896
887
813
836
823
918
833
856
855
859
835
903
843
846
825
891
907
879
851
814
901
846
904
828
895
814
921
812
820
817
836
855
802
818
893
859
869
904
842
859
870
890
847
856
852
898
866
826
862
843
888
861
839
859
813
917
885
832
834
802
873
836
792
832
879
840
827
853
904
859
894
900
919
939
874
887
886
861
862
867
839
851
798
835
876
882
864
848
872
906
899
868
884
833
807
851
851
832
860
884
874
835
884
837
853
864
872
865
872
820
924
845
928
882
826
930
842
833
884
868
806
874
866
836
874
883
862
928
941
846
879
830
833
833
854
899
822
856
854
908
864
884
862
922
883
914
843
886
887
892
879
887
893
889
896
876
829
907
906
861
864
888
891
839
868
920
872
900
897
911
887
883
866
795
896
856
818
910
940
889
887
822
836
805
826
795
875
875
906
882
839
886
892
850
835
849
849
880
888
903
854
847
861
950
854
843
885
846
842
812
867
857
861
880
851
808
856
901
870
860
883
886
865
868
892
803
856
899
926
879
844
750
892
853
840
852
933
904
875
892
864
898
862
960
868
824
869
886
880
886
884
844
789
860
871
861
848
900
883
844
894
873
884
843
851
849
888
867
802
909
851
835
909
892
828
797
830
839
901
831
833
874
887
883
832
867
889
838
865
782
864
839
819
886
895
903
889
865
808
791
875
932
856
852
867
876
880
780
885
866
889
871
907
866
884
886
820
924
888
859
919
807
846
813
833
898
851
878
863
826
830
836
883
876
842
865
911
896
850
838
856
770
860
838
810
842
906
883
858
871
887
845
846
888
845
904
796
851
878
865
883
834
859
824
847
854
810
862
800
868
854
895
905
879
898
848
830
837
901
858
868
823
857
823
896
948
936
916
901
878
819
861
864
886
873
903
829
833
918
862
812
836
864
871
849
916
806
871
869
874
860
963
848
885
943
862
864
903
809
868
840
867
869
854
849
920
887
914
908
883
816
824
839
900
830
857
909
828
899
825
928
939
823
888
854
905
899
900
907
908
825
874
900
973
848
904
839
870
943
875
864
900
915
890
849
909
851
843
834
825
829
902
869
846
836
867
961
823
858
874
