840
907
824
932
835
863
867
828
843
911
849
931
863
836
882
833
816
935
876
897
855
942
906
924
848
907
879
841
899
838
842
836
900
982
903
906
854
864
849
916
923
826
883
907
846
855
889
843
884
855
890
897
872
926
851
898
863
901
891
919
909
878
844
879
871
897
892
912
840
803
915
848
885
874
897
899
823
832
911
920
882
863
851
867
857
862
841
916
885
934
900
962
864
846
889
841
880
957
845
894
863
917
901
825
859
937
870
864
825
916
845
858
908
863
918
894
924
798
847
908
817
873
836
869
854
952
900
857
881
863
906
886
939
917
892
879
859
818
886
898
916
926
915
874
899
921
888
833
903
869
918
834
871
926
886
904
910
881
919
850
865
878
916
901
881
880
883
900
836
936
894
867
868
960
846
880
932
887
861
828
906
873
913
910
844
847
832
816
895
873
818
832
853
831
977
911
876
851
898
873
908
915
926
898
902
788
896
799
882
827
911
933
847
868
904
866
884
847
868
856
852
882
889
918
911
844
883
856
865
893
866
934
897
888
840
879
879
885
879
851
839
920
865
840
917
891
877
908
885
871
913
885
814
820
854
850
880
921
857
816
816
929
896
885
847
869
833
807
809
884
872
853
918
865
886
824
870
895
830
814
837
916
831
907
833
864
859
861
912
907
847
909
851
905
872
894
868
882
866
823
983
831
863
892
894
861
884
877
905
836
838
918
858
874
903
896
828
888
838
916
944
791
904
860
860
857
922
919
875
852
875
869
884
865
879
911
874
883
867
851
838
876
910
831
864
868
791
885
913
875
863
864
862
869
910
869
840
874
889
888
822
819
871
833
909
845
864
869
847
895
831
879
844
887
899
850
824
896
869
892
866
906
862
855
854
815
868
800
864
876
791
842
872
810
841
889
928
841
783
891
856
924
863
877
903
856
931
894
824
900
958
862
921
827
824
858
899
865
896
917
889
894
849
887
864
958
884
918
850
850
914
881
886
870
880
860
866
896
951
874
866
904
854
907
889
876
907
847
855
935
897
863
814
892
828
911
866
843
864
909
924
870
906
908
904
848
879
876
883
887
870
828
903
926
933
875
936
868
872
913
848
891
849
844
850
906
883
828
842
907
876
825
876
942
888
875
866
859
921
867
828
896
882
872
910
907
841
867
892
855
881
883
934
882
893
885
940
910
863
907
799
799
844
853
824
837
823
857
911
903
851
900
893
870
802
804
900
825
937
903
880
872
860
819
876
739
841
901
855
867
820
896
898
910
839
816
905
863
845
865
898
871
818
899
808
899
870
856
919
809
854
841
909
876
834
891
839
796
913
867
879
839
892
874
883
910
948
894
951
896
879
878
947
860
889
909
876
883
920
838
866
904
902
876
826
867
837
824
816
856
841
850
857
861
926
960
854
834
840
859
869
914
908
849
888
851
882
894
838
873
849
839
903
887
851
877
874
828
905
886
871
855
846
837
926
857
854
841
880
856
870
860
872
894
825
859
847
957
874
861
887
854
871
878
917
885
857
831
845
921
878
887
886
878
859
919
905
749
861
791
884
872
831
889
886
913
824
860
829
835
839
855
845
894
861
844
816
814
902
806
866
975
896
836
863
872
900
915
884
882
870
899
846
913
848
839
830
816
839
871
828
832
874
903
900
874
858
888
911
900
852
886
800
870
908
836
793
868
828
883
832
819
894
824
897
903
891
898
891
860
898
912
913
878
908
862
942
820
867
894
834
800
841
850
841
870
896
908
896
811
875
899
871
924
882
881
819
858
827
947
851
854
839
892
854
839
880
835
864
865
847
879
914
888
834
838
864
860
936
887
833
859
843
914
834
825
858
867
872
836
874
840
858
854
883
878
879
893
871
842
861
900
844
844
807
859
820
843
810
821
861
939
881
851
873
880
858
860
853
828
788
824
904
858
863
945
899
894
824
838
926
867
885
836
855
854
874
889
855
876
867
819
885
855
843
946
900
831
910
935
881
835
845
853
834
876
953
868
895
849
845
914
827
854
862
829
885
830
918
880
880
796
904
875
881
847
914
872
873
863
827
851
914
871
864
862
883
844
888
920
903
895
867
896
863
935
865
888
913
854
844
796
796
923
858
862
918
907
846
922
836
906
833
845
834
877
861
854
839
836
804
851
865
922
892
853
862
820
834
903
902
910
892
862
841
826
861
873
897
908
838
856
857
768
860
862
816
822
944
826
860
900
905
844
844
910
859
886
856
808
871
889
890
839
855
867
905
840
857
885
878
843
832
850
881
912
923
854
863
900
859
926
861
942
912
870
865
929
874
892
966
893
860
840
912
918
901
917
872
904
880
907
822
803
954
775
867
848
853
823
851
891
846
885
804
820
894
854
908
864
890
889
862
868
892
939
861
817
792
935
865
896
915
906
856
881
848
863
839
824
853
949
897
840
826
881
892
839
846
892
837
825
898
873
927
862
869
860
854
876
897
908
868
856
866
849
869
824
798
863
904
877
877
851
858
869
836
889
868
877
867
898
907
824
826
858
813
881
871
909
858
868
873
899
859
834
865
832
838
842
870
890
906
871
852
829
874
860
862
894
867
910
859
843
881
860
890
864
816
851
919
820
826
890
867
833
830
848
925
887
891
801
852
853
887
885
828
851
863
854
856
868
856
840
897
878
891
956
983
944
939
918
952
1063
1177
1100
1256
1284
1265
1436
1571
1596
1749
1623
1861
2035
2167
2195
2380
2376
2492
2615
2559
2643
2670
2653
2785
2635
2718
2831
2859
2782
2840
2999
2990
2991
3095
3066
3129
3079
3103
3096
3129
3077
3100
3236
3260
3330
3152
3320
3224
3229
3264
3222
3328
3365
3164
3288
3266
3219
3271
3288
3275
3307
3240
3270
3289
3286
3309
3359
3304
3198
3286
3257
3290
3323
3276
3302
3347
3279
3288
3222
3228
3267
3281
3281
3342
3305
3385
3369
3361
3407
3379
3318
3344
3448
3464
3399
3288
3335
3380
3266
3454
3394
3310
3377
3305
3355
3355
3414
3368
3374
3332
3318
3292
3315
3289
3225
3344
3318
3329
3255
3288
3335
3334
3312
3270
3256
3320
3418
3302
3331
3350
3279
3353
3374
3305
3343
3355
3325
3425
3348
3220
3184
3316
3289
3257
3292
3337
3284
3359
3363
3391
3419
3356
3308
3382
3351
3326
3328
3287
3356
3382
3456
3375
3360
3379
3416
3322
3319
3364
3403
3404
3347
3284
3295
3312
3288
3475
3315
3474
3417
3484
3329
3175
3335
3299
3356
3325
3391
3340
3322
3350
3282
3361
3405
3451
3327
3384
3456
3367
3349
3380
3368
3367
3401
3415
3364
3376
3332
3274
3369
3353
3382
3340
3309
3417
3401
3326
3369
3353
3341
3426
3346
3353
3274
3213
3324
3275
3286
3292
3367
3284
3357
3376
3309
3299
3363
3431
3347
3438
3411
3356
3359
3436
3416
3357
3359
3343
3375
3386
3407
3334
3326
3219
3329
3361
3361
3305
3318
3395
3327
3401
3341
3390
3426
3363
3359
3332
3319
3292
3393
3436
3294
3421
3410
3378
3345
3377
3384
3278
3350
3342
3434
3388
3380
3346
3259
3291
3305
3332
3378
3369
3395
3386
3370
3393
3470
3299
3276
3323
3295
3403
3284
3359
3341
3395
3397
3347
3339
3435
3479
3431
3371
3392
3374
3335
3400
3339
3300
3278
3367
3343
3255
3283
3333
3344
3420
3341
3267
3340
3425
3405
3252
3263
3272
3318
3376
3289
3373
3315
3311
3406
3390
3372
3342
3380
3384
3352
3379
3372
3342
3344
3371
3389
3267
3412
3372
3352
3312
3286
3346
3339
3435
3301
3299
3357
3266
3310
3323
3390
3393
3372
3412
3448
3347
3405
3408
3352
3452
3294
3383
3383
3396
3348
3312
3361
3406
3302
3423
3361
3304
3300
3367
3435
3302
3366
3349
3246
3381
3269
3259
3289
3431
3333
3390
3315
3292
3328
3316
3316
3364
3374
3337
3384
3409
3284
3334
3275
3423
3265
3293
3290
3406
3329
3357
3418
3409
3287
3353
3286
3356
3339
3306
3292
3405
3362
3374
3383
3311
3404
3350
3392
3249
3374
3224
3331
3249
3243
3276
3231
3265
3212
3251
3250
3286
3214
3247
3195
3168
3169
3200
3128
3156
3175
3217
3065
3217
3120
3075
3099
3047
3043
3030
3035
2909
3011
2948
2771
2817
2791
2715
2647
2688
2570
2522
2448
2438
2460
2230
2180
2091
1971
1852
1937
1686
1616
1634
1499
1409
1316
1365
1382
1236
1172
1092
1147
984
1008
1013
962
910
968
884
911
930
918
884
864
864
899
844
885
885
855
823
892
936
830
782
906
844
924
925
810
884
890
884
877
880
892
915
918
920
935
870
828
835
913
802
919
865
857
886
909
878
925
894
893
891
823
869
834
819
876
818
913
870
886
824
872
909
845
850
838
915
856
898
860
912
858
818
882
878
883
951
842
842
858
855
820
896
848
793
852
899
814
883
860
821
831
838
905
835
820
904
821
876
873
856
833
880
870
893
868
868
823
877
853
853
853
855
917
894
886
867
925
873
911
888
869
889
862
901
859
876
833
885
861
877
885
875
835
838
854
865
855
800
862
925
851
900
882
855
830
860
861
833
820
868
926
888
859
877
880
839
868
858
873
930
881
827
911
819
881
853
883
794
882
863
846
843
948
824
860
891
867
893
846
890
843
861
872
840
872
871
857
828
817
904
884
859
863
845
791
819
809
839
862
921
863
918
840
799
872
879
840
816
900
858
878
868
853
876
818
856
809
863
888
831
901
908
871
930
897
865
850
826
929
797
889
904
780
932
894
907
895
874
896
883
838
873
890
850
910
828
883
888
906
843
940
861
912
838
874
843
879
870
812
847
903
841
866
879
860
887
850
845
885
884
853
898
876
830
797
854
908
873
835
844
838
903
924
848
865
890
828
894
912
868
870
910
899
845
886
828
914
816
840
899
836
873
885
811
846
777
879
887
876
875
865
848
859
841
865
898
843
897
836
865
898
837
848
816
883
871
865
895
840
889
871
828
806
882
859
870
848
877
844
805
868
875
878
869
899
864
846
901
866
842
822
873
870
867
819
861
868
833
837
882
832
829
860
882
854
832
892
883
878
890
833
839
825
878
837
859
899
815
871
971
904
864
954
842
861
886
922
848
830
917
853
852
888
839
864
830
895
872
858
817
905
877
857
910
877
902
933
882
828
857
896
875
850
931
858
884
841
913
935
848
907
867
945
899
906
901
886
883
866
845
798
886
811
889
910
806
856
861
841
876
908
838
864
873
871
890
808
940
865
899
889
876
846
834
887
881
845
827
920
890
854
847
843
860
913
882
822
827
918
904
912
872
914
902
893
868
858
849
869
786
856
815
870
888
836
821
887
902
839
812
874
890
889
890
884
860
850
925
873
884
822
808
806
827
850
918
790
858
892
898
881
859
918
948
836
844
856
840
812
867
838
843
890
891
860
887
827
864
871
870
845
886
817
838
857
870
867
845
901
885
893
842
883
854
882
874
883
869
896
831
842
825
880
884
892
830
894
833
928
870
837
845
859
824
788
929
894
863
908
859
910
910
860
858
881
895
897
921
840
848
894
885
860
928
844
828
814
850
867
838
889
876
780
886
870
849
849
872
862
912
810
842
853
856
866
883
908
856
803
824
873
846
858
841
899
901
876
822
911
904
854
912
865
909
846
920
863
914
816
873
862
839
872
888
853
870
864
908
835
887
868
890
844
852
906
934
828
852
865
839
885
862
876
947
868
858
873
847
828
825
857
873
819
969
828
889
845
830
870
899
896
859
839
865
903
911
894
943
840
866
859
859
888
886
873
852
812
857
848
899
850
837
854
847
881
863
832
848
832
838
943
855
918
857
832
854
877
866
882
840
919
886
838
890
927
876
815
828
877
868
838
899
933
897
903
864
908
820
869
885
877
854
878
900
859
898
858
853
816
896
887
817
851
861
891
810
851
847
864
885
830
889
851
900
910
846
852
846
856
888
864
856
869
853
908
894
910
816
876
945
899
877
852
840
905
893
908
822
874
871
827
861
870
895
870
794
898
839
903
878
842
888
837
824
920
814
939
881
870
828
848
816
850
923
792
791
829
844
854
854
857
886
839
851
870
863
832
860
862
873
921
842
844
841
865
857
912
843
824
849
820
812
803
855
908
863
876
867
913
844
931
818
891
865
867
859
900
823
868
902
828
831
877
858
834
875
815
948
886
919
843
822
938
843
867
892
864
881
927
826
918
857
860
863
843
819
888
835
822
856
883
869
890
848
892
884
865
889
873
883
835
887
864
871
836
823
876
826
860
850
839
864
838
824
884
874
858
905
907
864
806
906
831
819
896
930
840
879
787
866
830
859
859
905
832
790
891
833
911
839
829
853
891
839
873
855
883
857
875
809
889
879
808
825
850
899
889
854
940
839
870
862
892
905
836
889
929
845
837
867
841
863
870
839
899
870
879
844
915
860
870
839
897
930
874
880
872
846
844
851
828
879
835
883
871
872
876
871
884
912
867
877
877
860
797
866
837
867
872
897
889
835
992
918
845
835
854
864
896
849
867
845
867
893
838
883
866
820
847
871
854
863
842
818
852
892
955
839
839
857
896
843
831
861
895
889
834
872
872
877
884
871
879
916
935
876
823
857
867
853
