907
849
939
889
859
876
888
883
915
853
894
823
914
851
860
906
915
897
850
905
875
876
808
944
860
909
871
834
862
868
881
895
856
809
861
854
898
853
820
901
908
905
944
956
908
924
896
856
936
881
869
895
875
884
942
876
947
899
861
896
896
878
925
814
851
935
877
907
922
862
837
905
842
834
839
870
956
911
814
911
863
930
888
889
886
857
921
917
915
921
873
923
975
897
896
859
892
861
881
861
871
852
863
879
857
876
924
913
912
923
910
903
844
813
913
849
899
871
832
849
876
876
875
899
783
871
880
904
804
835
849
859
920
882
838
915
828
883
838
833
816
895
839
932
873
882
904
902
872
851
866
857
813
835
844
886
879
859
889
892
902
835
914
873
782
874
907
880
882
913
898
858
843
845
903
948
884
914
888
878
867
884
908
874
862
894
896
917
865
928
880
872
929
860
777
922
902
879
910
931
943
891
838
923
856
887
873
901
873
865
812
863
907
855
785
851
824
839
880
878
822
940
964
809
938
885
901
913
880
836
853
868
918
872
897
836
933
868
885
927
879
874
859
855
904
850
867
828
829
835
851
859
861
903
875
842
903
925
855
863
897
900
899
853
834
905
921
853
879
894
861
811
871
904
867
895
889
891
886
882
855
820
853
805
857
958
860
784
948
857
836
909
820
941
876
820
876
883
879
826
902
918
903
831
971
909
915
873
892
937
838
816
907
903
827
880
859
875
878
946
919
909
868
838
894
887
809
905
853
913
891
918
981
897
845
921
845
819
859
866
894
869
870
849
919
879
896
858
863
778
903
896
823
900
892
815
913
856
887
878
828
902
862
838
848
814
882
889
858
906
854
835
852
915
907
876
870
820
959
816
911
883
840
839
820
840
899
872
904
889
857
832
855
916
873
869
855
899
829
804
877
834
914
934
919
814
859
860
905
853
827
868
880
888
895
876
893
889
865
859
900
818
872
911
829
831
941
859
892
822
812
864
900
915
903
872
854
884
858
841
896
878
832
937
857
909
901
885
835
828
876
832
856
853
808
840
860
942
832
816
829
862
848
873
870
881
873
846
966
920
854
809
822
855
822
891
890
869
879
862
927
893
884
873
846
851
855
886
871
828
833
875
868
896
868
844
871
881
933
827
859
862
888
892
841
826
819
899
891
827
906
867
928
879
841
858
890
876
879
865
887
893
851
865
840
880
874
902
870
893
884
914
880
892
832
924
902
875
887
889
888
933
867
833
907
839
883
884
900
921
897
771
858
791
826
908
925
809
846
860
901
910
930
831
837
899
888
860
876
893
885
854
986
920
832
872
833
836
870
825
884
829
894
881
835
901
871
838
899
835
876
913
862
918
815
868
904
848
853
881
896
904
870
925
844
904
847
841
828
817
828
873
901
816
933
908
847
897
849
877
914
932
886
855
896
894
878
950
873
941
835
838
962
854
885
871
864
947
908
902
825
828
893
860
865
860
868
848
887
815
925
806
850
865
855
912
883
877
844
836
843
883
891
869
861
899
847
877
870
843
836
896
901
819
937
848
897
869
887
852
883
838
864
877
907
907
849
861
879
856
917
887
842
894
859
811
887
898
878
883
845
816
886
808
915
837
874
880
846
848
818
896
904
833
913
908
847
828
888
804
884
896
878
846
868
893
852
942
915
878
851
832
801
868
772
858
868
853
914
919
873
792
821
870
795
886
936
863
847
832
930
899
887
863
824
879
838
848
864
806
904
855
885
843
887
824
880
815
922
850
895
842
850
929
888
905
812
868
875
886
843
869
849
881
910
857
843
869
820
864
877
807
842
920
899
883
868
886
876
938
823
827
837
883
837
841
935
896
830
886
859
934
855
877
854
809
856
830
880
884
871
902
877
847
878
898
843
835
913
883
877
818
912
852
877
868
873
897
904
860
877
886
906
818
867
876
857
838
862
855
845
920
856
860
892
861
845
892
862
832
883
888
879
895
841
817
897
805
888
858
879
861
819
844
869
864
842
863
839
867
937
891
859
885
924
861
839
901
836
828
927
836
923
888
851
888
915
806
856
847
884
880
841
859
895
757
865
921
875
856
884
831
893
871
821
862
891
894
810
814
901
874
886
888
829
847
850
881
786
886
855
900
907
890
878
783
872
891
873
883
877
851
874
856
851
864
811
917
905
922
806
879
885
880
834
856
823
824
857
886
893
888
908
867
881
839
875
822
816
875
903
769
847
852
830
897
922
865
907
892
911
903
847
851
875
876
846
827
864
917
854
867
857
926
908
890
911
878
893
857
901
798
824
838
865
829
911
887
833
891
915
894
889
854
892
850
803
876
876
802
864
880
902
904
860
864
853
860
887
911
837
858
881
854
846
849
919
883
907
859
851
880
871
882
842
850
945
925
883
913
871
888
908
940
857
990
905
936
867
929
912
927
968
865
876
950
890
943
963
937
899
889
932
962
889
973
971
990
1103
969
1023
985
1026
1064
1004
1043
992
1036
997
1051
1030
1071
1028
1039
1031
1107
1033
981
966
983
1102
1017
1040
1079
1130
1081
1094
1107
1057
1123
1073
1134
1126
1119
1150
1211
1117
1112
1140
1168
1159
1114
1150
1159
1139
1225
1134
1146
1224
1196
1248
1260
1223
1194
1246
1219
1289
1259
1233
1212
1350
1214
1232
1331
1290
1369
1239
1210
1133
1264
1415
1259
1380
1333
1247
1319
1343
1309
1349
1393
1312
1418
1357
1395
1390
1351
1432
1398
1451
1486
1478
1398
1585
1461
1465
1462
1587
1579
1651
1600
1606
1518
1595
1681
1658
1565
1649
1761
1608
1666
1845
1724
1741
1801
1731
1845
1753
1683
1653
1632
1857
1667
1844
1792
1716
1800
1809
1763
1918
1836
1868
1878
1811
1888
1987
1968
2047
1934
1968
2087
1881
1967
1982
2029
1935
1979
2015
2051
2190
2049
2038
2009
2039
2070
1977
2183
2156
2279
2161
2131
2267
2228
2262
2234
2226
2230
2305
2297
2290
2411
2408
2528
2540
2557
2617
2471
2559
2578
2555
2600
2751
2619
2791
2702
2691
2712
2830
2799
2795
2671
2697
2826
2844
2711
2742
2748
2854
2790
2833
2659
2881
2944
2878
2969
2898
2957
2914
2944
3015
3024
2976
2979
3024
2958
2966
3039
2996
3135
3029
2987
3038
2998
3080
2987
3074
3015
3113
3064
2989
3128
3002
3088
3269
3201
3159
3138
3191
3168
3239
3206
3238
3263
3260
3155
3172
3155
3257
3207
3241
3148
3303
3328
3301
3318
3221
3292
3276
3320
3254
3263
3319
3312
3279
3310
3294
3300
3372
3311
3356
3371
3312
3356
3302
3315
3403
3288
3391
3430
3392
3364
3304
3312
3361
3343
3388
3316
3301
3388
3288
3387
3347
3360
3362
3330
3311
3368
3352
3397
3290
3307
3423
3363
3372
3319
3342
3411
3392
3329
3268
3364
3419
3368
3376
3284
3319
3299
3366
3328
3312
3312
3344
3296
3289
3319
3383
3324
3320
3337
3284
3314
3299
3246
3359
3432
3419
3292
3316
3299
3380
3366
3365
3381
3342
3303
3356
3292
3362
3334
3355
3410
3448
3332
3306
3422
3302
3327
3353
3315
3291
3264
3271
3302
3330
3451
3364
3406
3261
3324
3337
3374
3385
3254
3227
3260
3303
3283
3468
3424
3364
3411
3346
3314
3359
3456
3314
3288
3340
3419
3351
3324
3332
3219
3361
3294
3338
3231
3199
3305
3285
3346
3215
3312
3321
3280
3438
3360
3332
3345
3361
3232
3241
3279
3416
3293
3312
3353
3404
3363
3236
3390
3299
3380
3276
3288
3273
3320
3324
3394
3237
3214
3356
3356
3320
3385
3256
3347
3300
3311
3359
3237
3292
3350
3397
3442
3248
3304
3284
3324
3372
3227
3296
3267
3264
3305
3207
3204
3239
3239
3340
3148
3224
3242
3266
3215
3218
3206
3274
3139
3186
3128
3247
3086
3191
3133
3207
3230
3131
3179
3110
3129
3023
3040
3181
3170
3016
3128
3009
3119
3033
3004
3052
3031
3099
3040
3032
3004
2959
2888
2942
2874
3019
2903
2813
2904
2953
2873
2936
3019
2904
2916
2873
2913
2784
2793
2808
2855
2769
2720
2712
2840
2764
2755
2722
2597
2655
2583
2606
2808
2693
2614
2591
2574
2620
2673
2738
2446
2473
2560
2472
2412
2446
2476
2377
2382
2311
2392
2302
2351
2332
2292
2411
2281
2295
2274
2279
2311
2298
2187
2257
2155
2165
2142
2132
2147
2059
2189
2051
2040
2099
2109
2106
2043
2020
1988
1992
1990
1976
2092
1920
1845
2048
1936
1834
1972
1950
1814
1775
1905
1844
1913
1804
1718
1761
1682
1817
1701
1685
1588
1651
1611
1544
1780
1632
1475
1441
1633
1638
1599
1653
1479
1498
1525
1494
1470
1468
1396
1452
1355
1376
1349
1357
1355
1271
1307
1328
1223
1356
1310
1275
1286
1248
1266
1346
1178
1237
1237
1275
1297
1136
1230
1215
1145
1199
1147
1128
1176
1119
1125
1097
1134
1139
1091
1036
1044
1083
1030
1029
1033
1045
1148
976
1023
1041
1051
1004
967
980
1046
997
975
986
908
1011
929
936
999
999
966
880
943
1031
945
1014
1009
959
986
1009
966
978
1003
900
934
927
928
821
953
968
851
874
917
899
908
926
896
929
833
867
876
889
860
950
835
879
927
870
861
925
875
869
935
875
858
895
866
877
941
948
871
915
889
894
1003
924
855
863
896
826
895
885
867
928
885
961
919
835
876
887
847
868
923
848
799
866
931
870
849
919
923
876
925
878
838
916
932
849
895
863
885
835
906
898
894
863
805
926
894
878
871
870
845
941
802
934
829
964
862
885
883
834
863
875
820
833
881
847
878
868
806
846
833
858
845
850
922
858
806
857
919
927
850
866
860
819
858
828
861
854
893
859
850
926
910
852
867
887
806
901
939
829
858
826
866
839
848
888
874
857
913
840
937
904
891
851
936
891
857
876
870
876
879
926
837
833
873
854
859
853
852
852
876
927
822
860
852
904
836
907
906
870
862
794
880
913
855
763
859
862
845
867
855
808
885
868
791
875
829
915
841
875
882
847
839
883
859
879
825
867
878
848
878
849
939
892
864
848
892
851
848
861
905
853
901
866
947
838
839
810
899
887
872
851
860
838
899
883
877
917
822
939
796
874
887
878
943
877
867
855
837
835
870
875
849
857
895
892
834
868
870
855
818
893
860
800
888
863
902
919
898
878
852
883
908
849
825
892
877
886
874
824
835
859
821
933
869
851
869
850
887
891
849
847
825
853
848
863
889
896
847
853
860
872
840
877
876
921
867
899
867
883
834
883
874
889
913
889
908
816
871
860
886
883
911
902
874
815
850
855
917
852
882
832
865
891
884
895
831
833
889
878
821
792
928
819
871
900
932
869
867
928
926
864
948
878
815
814
802
884
903
899
857
912
907
829
859
873
882
883
918
874
866
960
910
864
850
867
835
853
868
894
860
831
838
872
882
809
864
862
861
892
821
867
950
889
847
801
908
856
884
860
901
839
844
817
833
857
873
906
817
871
865
839
888
856
859
852
900
893
861
854
887
864
896
811
904
889
835
879
853
875
881
863
856
905
844
829
888
824
844
856
904
914
791
902
842
861
833
872
918
844
883
876
838
840
864
886
869
824
863
842
845
914
800
806
855
881
841
858
860
849
894
832
842
868
864
854
913
928
856
913
922
886
755
835
875
837
843
894
936
846
871
814
912
864
845
950
872
901
850
812
919
837
899
842
875
837
877
936
903
863
896
899
823
876
841
921
869
869
871
881
856
870
854
847
870
833
819
863
885
803
915
907
854
872
842
884
888
880
884
867
808
867
824
889
822
894
908
903
878
843
879
824
871
764
889
857
903
835
857
857
875
872
842
803
886
835
877
826
876
885
802
916
871
833
886
868
905
873
857
895
921
847
872
855
942
875
869
825
829
919
857
888
913
829
906
800
893
935
921
856
782
846
822
885
873
899
823
849
889
800
837
858
820
897
808
925
912
841
876
870
846
819
844
887
863
863
823
829
823
854
857
800
890
860
847
933
882
851
859
939
824
802
846
917
876
835
908
842
853
843
863
864
882
828
856
853
881
889
897
887
857
903
819
788
886
904
881
856
862
867
894
908
820
837
806
803
884
916
901
828
870
883
803
899
842
849
921
878
830
856
890
810
797
861
909
855
809
853
819
816
898
865
887
853
858
865
855
877
798
891
797
891
935
871
801
897
873
889
860
880
868
865
873
874
840
860
841
878
901
899
870
881
815
865
841
913
870
835
836
885
967
809
832
860
820
872
785
914
871
902
894
851
817
880
863
870
837
856
847
828
887
906
827
875
852
931
891
888
785
819
907
911
826
877
919
898
811
909
865
849
878
852
876
863
900
851
823
835
858
852
910
865
815
868
861
907
848
842
862
912
920
875
886
893
894
847
890
837
855
873
925
868
912
865
878
826
859
892
891
846
863
838
908
910
858
845
896
861
879
896
857
928
870
902
904
845
876
820
908
902
897
836
918
863
846
843
862
899
816
854
845
886
895
892
926
855
853
904
875
837
848
883
848
836
862
860
859
873
909
839
887
869
882
876
895
855
888
881
869
882
887
869
842
863
813
837
878
905
924
892
832
892
910
873
928
824
897
860
855
889
901
925
874
846
852
807
879
892
860
904
873
822
873
884
874
829
810
840
892
914
924
904
888
830
904
920
896
895
865
813
853
847
897
826
892
847
898
895
943
868
865
853
803
907
858
853
906
923
850
836
913
863
900
874
862
817
902
792
874
943
914
