859
888
843
802
880
856
908
896
891
907
881
934
790
867
908
809
845
929
914
942
867
876
888
881
873
822
864
878
864
793
846
844
948
856
876
918
854
915
850
883
908
905
869
887
840
822
862
867
845
849
894
865
857
823
925
881
862
845
817
839
794
851
866
900
904
860
873
883
876
843
805
931
860
912
855
868
816
914
892
860
873
831
808
866
857
919
920
865
916
928
872
856
936
887
920
911
836
866
847
878
863
847
913
933
860
922
904
852
926
858
912
832
897
860
856
829
900
878
841
864
923
880
860
879
917
939
825
873
938
882
880
862
781
906
873
907
883
877
876
829
896
830
892
875
878
884
934
889
891
940
856
903
855
853
872
880
870
852
910
846
836
869
927
900
843
836
840
881
945
963
892
841
883
898
898
868
841
873
931
840
878
873
888
798
903
840
882
856
945
821
875
888
840
909
870
852
887
898
874
898
870
882
863
926
840
910
939
875
906
863
860
898
923
864
814
873
830
923
857
900
896
860
946
851
857
814
979
872
866
866
849
883
881
861
908
856
855
838
852
894
802
874
862
900
915
837
845
872
916
847
795
885
847
862
907
923
803
935
824
808
853
868
890
843
867
843
823
934
830
851
942
857
857
871
927
875
815
835
845
897
926
851
862
879
826
884
907
853
855
866
862
859
882
952
831
909
787
888
880
924
829
859
905
857
824
830
935
874
876
939
918
859
865
868
846
803
799
854
816
813
881
868
906
838
879
883
847
829
947
911
891
809
864
860
855
896
863
845
847
886
889
803
857
866
872
910
847
859
801
850
894
798
822
853
876
877
874
850
873
916
958
914
825
825
835
866
852
873
949
906
879
842
885
787
891
912
877
822
905
863
858
849
863
884
857
888
885
871
891
836
919
835
912
872
817
868
943
857
886
908
855
852
806
826
853
858
824
857
890
844
916
893
874
880
869
883
846
843
884
878
864
836
893
822
870
817
859
825
919
838
883
845
906
891
878
910
841
847
889
851
847
876
893
818
965
876
900
882
813
945
872
874
873
892
837
857
865
859
859
891
855
884
887
849
917
820
880
885
847
904
893
900
905
852
854
894
853
871
825
841
871
863
888
851
882
855
911
864
848
834
885
838
846
870
878
822
891
847
911
843
889
825
799
935
813
854
897
913
878
796
944
864
883
855
840
780
930
841
820
864
936
861
786
830
845
873
938
871
870
819
887
813
856
828
869
882
908
850
889
869
942
840
905
864
830
843
865
866
909
806
860
848
882
865
882
832
898
879
884
896
863
858
849
798
877
898
910
892
931
862
833
888
888
912
840
826
812
856
934
851
821
811
861
857
802
852
892
836
886
869
842
843
852
848
825
873
816
927
870
811
905
924
838
864
878
884
915
833
850
839
836
893
923
820
869
873
926
846
810
927
855
845
905
876
866
870
832
776
959
829
927
881
888
826
888
872
852
780
864
909
885
836
848
903
865
869
822
910
883
882
812
764
802
881
794
892
864
862
862
876
883
854
849
883
884
878
825
858
809
865
883
870
882
887
907
862
876
862
828
847
850
869
864
845
864
863
921
819
917
850
843
904
851
839
900
854
915
890
834
841
954
889
864
855
878
864
872
900
905
857
850
810
819
861
871
936
892
917
874
826
871
855
815
844
905
934
852
882
858
855
861
878
930
837
884
931
839
906
928
909
862
905
865
846
921
895
858
892
904
920
884
838
865
854
881
870
928
927
921
906
831
901
801
917
850
835
914
881
874
872
843
894
877
872
905
879
896
863
845
903
884
828
825
831
912
837
872
875
888
891
829
905
883
871
848
828
820
868
901
880
911
832
837
855
889
827
878
797
836
871
910
811
883
858
915
909
870
857
867
873
867
856
880
844
877
896
875
858
907
806
895
862
870
834
902
945
852
863
907
933
897
893
915
820
887
989
861
870
906
856
865
871
886
850
860
891
916
939
893
908
928
833
916
886
890
817
881
879
839
923
859
855
856
834
876
894
943
881
879
868
911
930
906
949
941
924
864
868
1001
846
928
967
942
876
845
933
906
964
924
883
944
868
876
944
945
924
914
931
881
915
1006
888
962
965
930
976
915
900
972
915
945
886
854
915
891
916
935
883
894
960
982
1005
932
920
963
995
942
937
962
936
956
937
976
1013
959
923
912
888
1039
1008
940
950
1013
955
953
942
953
974
996
965
1010
979
964
940
985
1027
996
1082
965
999
1003
1035
1084
989
983
1094
1004
1017
952
942
1037
1020
1024
998
1014
995
1049
1039
1082
1112
1050
1028
1061
1103
1025
1003
1075
1037
973
1039
1035
1043
1102
1079
993
1016
1044
1116
989
1184
1110
1030
1064
1161
1161
1090
1089
1059
1072
1023
1024
1079
1013
1124
1139
1161
1023
1113
1093
1075
1070
1113
1105
1103
1136
1168
1146
1210
1126
1049
1152
1116
1190
1202
1217
1168
1137
1163
1063
1169
1187
1176
1194
1176
1134
1101
1189
1176
1180
1089
1210
1145
1247
1169
1161
1152
1257
1255
1266
1201
1218
1266
1260
1315
1244
1256
1229
1155
1155
1265
1239
1271
1220
1340
1267
1296
1354
1249
1284
1335
1320
1421
1288
1311
1311
1292
1372
1409
1317
1335
1250
1266
1275
1279
1366
1407
1475
1426
1316
1355
1433
1329
1307
1300
1336
1351
1331
1384
1321
1393
1341
1280
1379
1298
1432
1395
1295
1435
1345
1446
1309
1347
1378
1345
1442
1448
1431
1388
1380
1334
1475
1283
1439
1448
1400
1337
1454
1362
1336
1485
1335
1350
1375
1434
1452
1479
1446
1462
1463
1446
1335
1582
1459
1291
1416
1398
1571
1445
1527
1552
1529
1613
1670
1667
1577
1650
1730
1686
1735
1663
1751
1745
1642
1759
1772
1670
1733
1658
1621
1665
1663
1657
1611
1578
1634
1544
1696
1831
1730
1591
1652
1664
1867
1704
1696
1792
1782
1806
1856
1744
1830
1794
1879
1943
1904
1825
1900
1795
1923
2024
1964
1764
1970
2050
1892
1820
1896
1980
2068
1990
1929
1914
1833
1916
1953
1809
1821
1783
1845
1994
1816
1909
1984
2023
2000
1933
1863
1825
2027
1931
2020
1931
1852
2105
2065
2076
1969
2131
2117
2105
1984
2254
1972
2063
2084
2016
2222
2110
2132
2332
2280
1996
2160
2181
2031
2218
2183
2239
2191
2240
2169
2174
2092
1995
2259
2283
2216
2353
2278
2192
2195
2237
2262
2369
2184
2203
2348
2319
2272
2274
2287
2172
2292
2379
2324
2420
2294
2407
2253
2179
2178
2217
2358
2233
2369
2414
2442
2300
2474
2378
2400
2497
2546
2495
2494
2393
2488
2503
2383
2350
2304
2316
2309
2408
2279
2425
2456
2511
2524
2419
2496
2367
2476
2503
2484
2508
2566
2516
2556
2435
2477
2318
2301
2433
2504
2496
2617
2540
2600
2624
2564
2428
2499
2639
2441
2482
2378
2501
2492
2609
2425
2484
2581
2562
2456
2495
2567
2444
2503
2548
2384
2454
2336
2481
2442
2419
2536
2564
2633
2443
2560
2513
2513
2455
2492
2652
2585
2694
2745
2528
2600
2599
2557
2478
2550
2334
2511
2534
2402
2446
2599
2604
2473
2476
2492
2385
2532
2433
2479
2669
2587
2755
2587
2529
2444
2396
2491
2541
2354
2417
2496
2439
2349
2370
2342
2340
2492
2513
2557
2405
2475
2455
2352
2379
2367
2414
2340
2443
2444
2324
2428
2441
2441
2500
2438
2434
2449
2562
2337
2450
2365
2399
2432
2544
2370
2303
2422
2398
2269
2438
2393
2426
2324
2299
2354
2372
2210
2339
2493
2191
2217
2300
2350
2353
2240
2268
2199
2196
2350
2317
2184
2259
2168
2254
2247
2190
2200
2186
2186
2199
2207
2187
2112
2222
2243
2272
2277
2210
2228
2222
2202
2265
2235
2121
2219
2138
2262
2171
2033
2137
2308
2227
2275
2337
2135
2262
2134
2139
2062
2016
2009
2049
2153
2147
2231
2222
2076
1979
1970
2079
2011
2043
2049
2011
2056
2089
2054
2151
1928
1910
1980
2028
1972
1999
1919
1909
2148
1990
1769
2064
1929
1937
2023
2000
1892
1949
2021
1985
1948
1901
1904
1904
1907
1807
1882
2009
1876
1888
1825
1929
1874
1863
1795
1868
1835
1728
1699
1770
1870
1739
1837
1913
1856
1948
1870
1840
1700
1678
1724
1852
1724
1691
1663
1675
1790
1694
1715
1714
1699
1715
1716
1765
1600
1655
1597
1667
1683
1623
1667
1726
1687
1800
1588
1605
1619
1766
1607
1568
1576
1516
1605
1601
1579
1679
1633
1689
1577
1664
1567
1752
1531
1748
1676
1624
1521
1635
1669
1556
1531
1507
1579
1683
1580
1539
1482
1555
1440
1452
1395
1500
1543
1382
1584
1515
1526
1478
1567
1588
1496
1523
1484
1602
1567
1518
1582
1470
1523
1604
1507
1500
1431
1423
1512
1418
1482
1551
1460
1504
1479
1396
1392
1430
1377
1498
1428
1402
1400
1452
1435
1352
1343
1402
1446
1405
1422
1418
1435
1427
1574
1485
1457
1454
1344
1395
1447
1369
1479
1462
1393
1377
1317
1319
1325
1340
1327
1393
1400
1365
1311
1363
1311
1418
1336
1395
1405
1365
1388
1440
1364
1333
1293
1407
1378
1434
1307
1247
1370
1308
1241
1219
1264
1271
1191
1264
1255
1328
1270
1227
1289
1223
1222
1169
1195
1195
1136
1236
1206
1243
1242
1219
1282
1165
1220
1235
1145
1140
1078
1228
1151
1154
1266
1204
1255
1171
1233
1185
1179
1160
1191
1081
1221
1135
1132
1143
1183
1150
1180
1159
1152
1156
1105
1231
1131
1174
1090
1130
1057
1083
1151
1143
1117
1080
1033
1057
1109
1086
1063
1076
1182
1084
1143
1176
1110
1132
1074
1113
1062
1068
1077
1075
1130
1105
1072
1038
1024
1038
1054
1071
1037
1110
1136
997
1117
1006
1018
1101
1057
1072
1112
1061
1087
974
1072
1045
1064
1048
1133
1089
1081
1146
1075
1089
1042
1045
1090
1008
1042
1007
978
986
1008
1083
979
955
1089
1087
995
975
983
961
952
945
921
934
989
994
1028
1026
1022
1068
1018
968
998
914
1081
968
1045
1037
920
1007
1076
958
1051
1039
979
1055
1004
1018
967
1018
1021
1109
1050
958
945
998
982
1008
997
969
945
919
989
1013
1025
1027
987
991
1022
1027
1009
1034
977
938
980
935
978
985
994
984
958
1006
944
999
1010
914
902
930
983
986
992
988
927
930
941
922
929
972
965
920
962
921
953
977
914
923
949
952
931
917
925
968
903
857
954
982
887
874
883
885
938
883
923
934
869
899
925
908
961
893
932
950
968
900
921
944
936
941
903
928
967
948
925
984
915
943
958
963
955
893
961
913
999
918
939
919
854
855
957
899
965
965
884
905
876
912
987
877
880
883
932
984
932
894
922
917
856
964
845
880
920
898
872
923
888
934
913
930
868
900
925
955
859
889
907
915
948
881
848
919
917
870
852
904
855
880
907
872
884
901
1009
900
923
876
944
921
900
907
946
850
884
886
851
822
861
903
905
837
888
858
811
886
905
897
905
915
889
922
897
863
911
838
896
896
903
979
846
904
799
869
916
849
871
859
919
846
871
857
850
862
939
875
800
902
926
878
855
911
924
873
915
914
872
922
859
917
857
898
877
904
882
868
876
882
921
857
899
807
884
900
870
832
915
909
823
896
877
924
823
794
890
854
901
889
819
837
910
795
879
828
917
868
863
838
917
894
905
862
848
932
820
873
847
889
883
895
831
916
883
831
858
906
881
834
883
838
896
921
877
812
889
891
856
824
823
876
873
882
896
883
909
848
858
847
895
865
812
877
820
879
843
942
855
862
822
936
852
854
787
810
839
856
863
868
854
842
879
899
840
860
832
863
891
892
869
892
879
853
856
916
856
792
893
886
863
897
862
826
832
768
826
876
877
914
859
821
891
871
874
838
932
845
929
883
853
880
875
925
839
820
839
871
886
872
840
808
920
850
902
873
883
827
834
904
840
877
854
876
959
872
870
908
873
877
863
910
858
869
844
868
843
827
881
883
897
880
916
856
860
892
899
935
897
852
895
843
909
780
889
931
871
869
840
904
825
861
857
903
887
859
872
876
968
832
889
847
857
931
892
838
885
914
875
845
877
794
954
889
903
906
854
827
926
893
895
860
886
902
910
853
921
912
830
820
888
901
844
834
851
856
880
851
886
840
849
870
875
872
858
820
872
910
901
937
875
865
885
920
816
828
891
828
906
876
823
829
861
910
888
860
876
815
872
851
824
836
890
923
855
861
865
917
838
911
873
938
836
828
817
892
925
878
889
792
859
829
863
844
902
889
888
897
829
902
862
772
832
869
845
874
932
875
862
882
931
888
850
846
864
899
847
847
805
862
917
859
811
847
831
878
882
910
870
873
865
850
940
857
871
825
871
910
848
846
872
881
849
859
912
894
822
917
859
935
884
864
897
900
913
911
800
907
899
945
833
835
923
868
892
846
902
871
877
874
923
899
823
865
890
870
852
830
850
818
856
853
895
895
904
888
876
860
896
887
863
862
878
868
844
860
934
856
834
887
903
892
925
822
870
849
883
844
834
964
868
922
834
852
873
891
851
895
821
865
889
902
857
853
890
897
837
850
869
908
893
937
886
890
927
929
844
898
859
941
864
851
887
847
860
880
862
846
859
904
838
848
819
855
828
910
919
908
875
836
855
892
896
910
830
916
842
878
763
905
945
835
889
794
898
847
854
910
896
853
920
839
894
863
897
862
878
868
880
890
869
891
871
768
887
919
853
864
843
852
907
807
831
894
914
817
936
814
879
927
835
895
906
859
812
879
801
812
859
850
967
877
869
903
852
872
877
839
846
824
856
827
903
864
845
904
915
822
879
886
819
896
911
850
896
931
845
873
908
827
903
830
841
896
930
867
929
836
895
836
878
858
876
882
915
856
889
881
873
882
832
958
879
847
866
883
834
890
854
897
853
865
903
845
849
873
