877
816
833
834
872
886
843
914
931
893
845
928
850
867
845
857
881
888
931
886
889
851
854
846
856
858
899
885
892
901
886
925
847
894
875
995
878
896
923
819
870
859
924
832
902
903
887
893
877
805
881
900
833
905
916
903
896
892
826
843
834
920
867
904
831
912
819
894
854
886
892
907
910
902
831
938
839
865
867
924
902
827
896
835
880
926
874
879
795
885
918
866
851
897
886
986
871
867
897
923
927
865
842
916
881
888
901
973
886
877
858
872
871
811
936
930
842
880
834
920
878
865
867
860
902
892
912
866
867
883
892
862
932
881
918
883
898
889
864
894
885
843
846
887
921
859
886
927
886
919
843
898
860
918
889
878
885
871
825
880
854
917
872
897
888
830
854
927
920
822
860
863
919
836
827
871
892
889
867
879
887
871
855
839
902
824
909
903
946
876
868
839
795
863
831
887
885
896
833
874
852
832
863
878
903
856
868
910
826
881
850
890
876
852
918
851
819
827
890
824
908
905
886
818
928
858
935
885
787
847
816
911
888
836
889
922
884
866
880
759
908
881
896
926
871
861
871
861
832
891
822
867
881
847
865
907
879
896
819
876
873
833
879
917
925
818
914
841
926
863
854
970
874
856
877
863
878
883
886
815
887
845
880
959
856
844
848
905
876
843
881
912
878
856
852
894
875
912
888
843
905
907
914
849
811
883
834
903
895
850
864
871
855
825
884
884
882
862
888
821
883
869
893
863
878
909
908
875
867
903
906
813
837
819
868
872
851
873
850
927
865
898
891
845
910
896
808
821
873
849
844
855
916
888
964
839
903
874
841
884
843
814
850
889
956
902
899
864
879
893
846
878
952
845
920
894
892
897
856
906
894
813
842
837
836
829
863
871
819
889
814
861
830
909
827
873
833
853
849
852
830
867
879
799
876
870
808
817
878
808
878
851
874
848
856
888
872
936
860
824
903
896
867
842
881
836
831
893
872
904
967
869
842
894
860
932
847
807
872
892
840
873
897
865
840
870
866
862
871
864
795
893
930
876
902
835
838
889
878
824
892
844
861
901
825
916
856
871
848
921
915
868
875
893
864
880
892
876
826
893
867
921
883
844
812
856
816
949
876
893
855
835
863
886
882
883
900
780
917
829
826
876
876
846
892
869
823
828
905
927
853
888
886
876
846
883
872
834
843
890
884
870
875
854
926
861
865
902
830
826
864
863
861
866
860
939
903
858
812
932
831
906
870
862
871
917
860
817
869
846
887
794
825
938
881
811
871
948
882
826
871
860
902
832
862
854
813
893
843
834
874
890
901
874
887
841
897
872
857
903
963
837
859
920
915
901
820
883
836
872
847
807
874
909
878
858
831
890
902
885
852
865
822
891
860
938
902
899
865
816
911
852
858
901
858
880
915
916
861
894
818
865
841
883
899
836
853
915
886
834
849
886
852
881
900
834
874
929
829
875
863
826
916
838
919
879
807
850
884
899
839
844
821
860
849
926
841
889
842
810
883
801
853
865
888
863
899
914
902
908
929
852
927
873
789
847
872
879
862
871
836
888
883
845
860
825
817
848
846
862
901
857
851
837
888
862
913
881
823
844
838
911
814
808
928
889
901
891
851
890
906
898
828
849
867
900
860
793
849
810
836
836
843
951
853
917
846
924
880
851
882
856
872
913
964
858
834
892
882
919
804
853
896
923
806
857
920
848
884
853
930
895
820
866
802
836
847
839
940
872
844
824
859
876
847
866
876
871
926
847
900
894
833
873
915
844
926
863
877
859
921
884
855
869
834
914
835
864
865
881
911
869
839
854
876
871
866
947
934
891
791
871
872
824
866
946
847
857
867
931
844
801
848
856
910
858
783
870
888
915
896
867
867
874
828
835
890
955
892
912
901
890
871
863
888
813
881
908
886
893
882
873
859
894
878
855
857
876
854
877
857
840
932
852
897
913
885
827
879
931
835
853
836
855
885
862
852
879
861
877
875
881
856
863
845
847
876
792
796
819
870
854
860
883
881
901
875
834
915
902
790
871
888
857
892
936
842
850
906
931
809
875
900
929
880
864
855
839
883
918
879
840
825
817
899
884
836
857
920
880
902
936
892
871
851
825
906
894
833
887
846
936
899
937
892
931
842
958
919
940
904
846
831
870
844
891
890
888
939
866
886
896
894
866
929
896
861
910
854
951
1019
904
872
960
973
931
880
930
954
890
971
882
839
844
853
975
860
921
972
907
965
918
883
962
1003
1001
894
961
924
967
927
1003
923
1013
976
1037
1019
907
904
934
965
908
929
877
1043
923
985
966
993
968
1003
1052
1113
1032
898
1011
1046
1003
979
986
1054
961
975
1020
1027
1045
1015
1067
963
983
1053
991
996
1019
991
998
1014
1012
967
972
996
1069
1032
1052
1111
1083
1041
1084
1027
1120
986
1049
1056
1103
964
1022
1081
1091
1084
1035
1075
1144
1068
1107
1135
1171
1115
1120
1068
1142
1083
1085
1145
1144
1182
1086
1116
1097
1095
1168
1182
1148
1168
1173
1138
1151
1108
1136
1086
1108
1148
1141
1133
1117
1094
1099
1110
1144
1120
1174
1176
1142
1104
1104
1191
1185
1184
1122
1211
1187
1181
1289
1378
1232
1273
1270
1267
1298
1236
1109
1219
1290
1352
1186
1283
1283
1268
1264
1229
1224
1284
1150
1256
1207
1310
1350
1362
1375
1452
1310
1419
1424
1383
1359
1435
1441
1478
1411
1418
1445
1417
1403
1425
1419
1444
1419
1426
1372
1439
1555
1357
1431
1563
1577
1417
1608
1432
1486
1737
1532
1576
1583
1636
1635
1679
1616
1626
1612
1517
1661
1635
1665
1744
1568
1686
1821
1908
1679
1668
1671
1564
1761
1742
1676
1783
1712
1801
1634
1767
1644
1697
1796
1723
1747
1836
1833
1850
1798
1801
1738
1664
1871
1712
1878
1868
1883
1732
1793
1886
1940
1826
1946
1944
1948
1980
1906
2141
2030
1892
2059
2015
2043
2142
2083
2096
2252
2203
2176
2136
2140
1998
2006
1952
1932
2058
2016
2087
2111
2060
2190
2348
2222
2265
2393
2516
2374
2401
2239
2375
2223
2338
2378
2296
2274
2340
2187
2264
2467
2274
2309
2391
2242
2395
2305
2307
2355
2277
2176
2414
2401
2355
2360
2409
2365
2273
2411
2410
2568
2483
2590
2562
2599
2442
2517
2644
2462
2542
2464
2441
2550
2556
2544
2714
2648
2544
2762
2749
2550
2564
2586
2553
2685
2728
2717
2839
2785
2649
2840
2668
2819
2727
2721
2769
2962
2672
2792
2900
2730
2756
2738
2657
2749
2815
2608
2713
2781
2775
2802
2808
2753
2849
2615
2855
2855
2881
2722
2878
2661
2820
2648
2776
2755
2828
2845
2752
2770
2857
2777
2911
2831
2863
2727
2865
2930
2991
3007
2940
2916
3001
2981
2807
2941
2864
2959
2983
2831
3072
2935
2919
2990
2983
2959
2921
3004
2963
2929
2759
2931
2755
2820
2947
2956
2785
2852
2855
3028
2936
3057
2912
2988
2844
2928
3040
2919
2972
2840
2850
2840
3033
2982
2915
2941
3008
2999
2923
2956
2956
2953
2873
2892
2811
2940
2831
2918
2839
2884
2766
2768
2842
2805
2892
2968
2951
2877
2823
2889
2825
2816
2918
2905
2830
2816
2887
2733
2778
2803
2754
2778
2719
2808
2825
2886
2764
2777
2756
2747
2797
2843
2800
2924
2916
2768
2848
2821
2895
2829
2862
2746
2832
2775
2913
3000
2739
2758
2736
2815
2662
2769
2688
2797
2561
2755
2776
2767
2728
2592
2717
2636
2662
2657
2522
2527
2527
2534
2652
2690
2498
2616
2715
2686
2441
2612
2672
2507
2563
2602
2547
2640
2509
2509
2583
2617
2521
2511
2364
2590
2603
2733
2608
2545
2502
2624
2638
2584
2576
2467
2526
2439
2595
2509
2477
2373
2457
2436
2516
2423
2427
2420
2513
2424
2589
2451
2465
2482
2460
2306
2206
2289
2272
2308
2368
2252
2396
2276
2114
2172
2174
2135
2119
2250
2128
2096
2147
2200
2179
2089
2163
2178
2159
2236
2136
2121
2097
2094
2047
2268
2132
2051
2041
2106
2019
2023
2119
2059
2086
2165
1990
2042
1979
1939
1920
1897
1870
2119
1968
1988
1962
2051
1893
1942
1964
1949
1815
1970
2014
1779
1791
1857
1842
1779
1787
1846
1827
1845
1799
1775
1964
1808
1857
1840
1816
1674
1873
1772
1776
1929
1837
1694
1662
1627
1607
1717
1691
1639
1645
1803
1685
1799
1800
1791
1578
1735
1698
1704
1703
1560
1684
1622
1664
1516
1643
1536
1604
1618
1641
1571
1699
1654
1567
1524
1531
1541
1618
1459
1520
1657
1561
1549
1585
1543
1435
1524
1605
1452
1450
1536
1546
1479
1484
1371
1502
1417
1456
1472
1408
1476
1458
1406
1525
1366
1400
1401
1335
1394
1414
1343
1460
1433
1372
1371
1339
1350
1234
1375
1352
1383
1244
1327
1329
1340
1331
1200
1270
1250
1317
1220
1199
1285
1215
1276
1214
1235
1212
1222
1108
1219
1195
1248
1190
1235
1284
1356
1258
1190
1309
1271
1312
1179
1269
1197
1217
1306
1252
1292
1194
1195
1165
1190
1203
1224
1242
1208
1247
1194
1231
1205
1223
1250
1169
1160
1185
1091
1223
1165
1140
1187
1155
1166
1163
1144
1224
1139
1203
1265
1188
1229
1155
1185
1178
1167
1224
1211
1062
1123
1167
1160
1069
1110
1105
1044
1084
1171
1150
1044
1189
1116
1126
1073
1072
1069
1083
956
1073
1043
1073
1013
1091
1066
1163
1155
1079
1043
1123
1075
1060
1044
1133
1094
1077
952
991
1003
1108
998
1019
1054
1080
1010
1069
1010
1020
1022
978
932
1054
1003
1036
1023
1045
1014
1031
986
1078
997
1052
1017
918
1002
1117
1052
1036
1046
1092
1029
1071
982
1074
1082
1006
1010
1060
1062
1016
982
1016
975
976
1017
955
1039
1003
900
979
986
953
967
929
963
898
928
986
990
958
973
997
978
963
979
961
880
902
917
940
921
944
929
906
928
961
906
946
943
926
936
1038
933
1012
954
1010
951
998
995
978
963
955
1000
974
1017
1004
1027
986
902
962
874
865
863
892
922
925
936
889
975
906
877
915
965
974
978
906
953
934
926
919
940
951
957
934
875
968
935
934
971
986
915
904
913
929
963
924
960
949
892
856
906
980
930
856
898
921
908
938
935
911
927
876
938
892
898
952
902
867
901
847
920
870
866
890
905
947
866
906
907
853
935
925
921
924
912
870
818
891
818
867
884
870
896
926
912
863
886
904
839
911
845
851
872
891
869
915
908
895
882
903
904
877
861
867
816
874
864
924
869
879
866
900
964
915
897
942
929
904
888
878
853
907
868
859
847
852
901
882
910
864
833
914
900
853
841
877
845
849
797
847
881
847
883
903
930
795
880
824
872
873
882
838
813
875
866
824
875
955
827
873
860
810
958
921
848
868
852
903
840
856
883
876
845
920
886
840
837
898
868
849
903
893
856
884
868
894
818
856
903
875
841
848
918
799
863
824
823
905
832
880
855
890
880
871
866
836
925
857
858
853
913
851
792
1000
889
863
832
848
876
854
858
923
871
857
831
842
921
891
890
796
819
876
878
865
876
881
864
919
901
833
904
850
811
880
832
847
861
803
852
879
876
829
829
831
844
883
800
862
900
815
885
864
873
849
816
841
877
865
893
877
867
869
786
828
851
836
887
838
830
907
827
848
899
816
887
871
828
852
884
873
906
865
893
865
873
883
843
968
872
945
844
885
843
825
858
834
937
905
833
848
799
903
827
848
842
868
824
844
823
875
879
890
863
874
848
868
927
905
807
910
908
937
907
932
864
866
808
887
842
823
826
834
937
907
761
869
870
876
816
846
848
896
886
933
893
862
941
944
886
873
799
873
825
855
879
808
912
908
832
847
856
905
842
894
881
904
926
882
843
902
900
884
874
873
828
911
821
833
789
880
846
856
825
824
906
896
882
862
875
872
842
918
823
880
838
829
901
844
811
843
850
847
889
861
832
851
852
817
864
893
838
880
866
888
910
904
867
931
863
840
805
815
847
851
912
818
860
888
865
869
809
881
877
857
831
860
910
839
886
859
835
918
876
874
934
820
893
826
857
860
856
940
811
857
834
839
856
887
826
889
861
870
790
780
802
815
912
874
882
844
865
846
900
883
888
800
789
828
811
854
826
857
896
849
909
860
923
848
860
871
877
841
841
893
805
884
767
892
865
896
832
864
834
825
890
876
866
894
907
919
862
892
891
839
966
851
881
912
857
860
800
946
807
863
918
896
854
893
843
841
898
871
838
860
836
861
936
875
852
847
857
886
810
834
883
827
864
856
855
848
863
825
843
838
842
806
840
902
839
899
899
835
897
959
841
845
845
834
837
894
887
843
854
825
795
847
833
871
884
830
863
904
862
831
800
854
936
885
863
904
876
862
957
855
836
879
911
843
873
849
850
868
867
874
887
874
812
844
868
883
908
885
860
800
903
879
862
875
880
820
894
856
870
838
839
864
840
932
875
892
830
847
826
872
901
896
837
842
886
943
946
828
893
761
871
864
840
880
858
850
825
814
843
883
780
919
870
839
860
876
881
855
959
835
862
915
921
864
890
940
868
945
903
855
834
883
830
879
892
907
855
888
813
836
888
926
805
881
925
908
852
823
896
845
830
889
895
901
858
884
808
838
896
957
883
841
849
829
854
866
840
824
857
825
842
861
900
816
838
903
887
828
828
849
891
842
904
891
910
867
876
840
861
864
879
928
867
819
798
847
867
883
882
863
833
871
854
869
851
856
839
879
934
875
848
860
845
869
792
860
803
902
776
853
909
892
863
846
920
858
806
883
819
909
883
834
861
913
923
875
877
936
844
858
918
865
897
825
861
822
867
835
848
843
913
883
862
