1270
1255
1185
1212
1229
1227
1231
1272
1232
1268
1224
1226
1212
1228
1293
1254
1216
1247
1228
1148
1275
1329
1163
1265
1309
1149
1286
1264
1230
1240
1212
1188
1250
1255
1233
1199
1303
1108
1215
1216
1228
1254
1193
1211
1242
1237
1229
1212
1249
1286
1209
1235
1215
1187
1225
1225
1208
1271
1171
1233
1284
1275
1198
1247
1266
1209
1177
1202
1232
1264
1212
1309
1305
1273
1270
1222
1211
1185
1231
1238
1247
1241
1174
1219
1183
1214
1172
1245
1187
1196
1244
1265
1229
1252
1214
1249
1252
1196
1207
1237
1212
1225
1196
1232
1262
1214
1201
1224
1206
1285
1296
1220
1252
1222
1247
1207
1242
1275
1211
1275
1278
1194
1258
1224
1252
1228
1228
1270
1318
1289
1239
1219
1290
1238
1224
1281
1185
1239
1200
1162
1259
1251
1251
1253
1232
1257
1164
1267
1215
1241
1273
1226
1224
1193
1223
1336
1162
1230
1271
1239
1228
1238
1194
1181
1211
1170
1206
1260
1237
1240
1195
1210
1308
1208
1244
1243
1255
1201
1255
1292
1225
1231
1208
1255
1222
1186
1273
1172
1295
1282
1267
1195
1225
1177
1151
1295
1232
1243
1222
1249
1205
1307
1227
1228
1225
1207
1163
1182
1167
1227
1239
1265
1236
1260
1189
1244
1239
1212
1261
1227
1252
1256
1237
1250
1260
1231
1307
1190
1198
1191
1249
1177
1234
1153
1204
1297
1271
1219
1198
1206
1199
1248
1290
1136
1223
1203
1215
1280
1231
1153
1242
1215
1248
1242
1189
1199
1254
1243
1254
1200
1238
1262
1174
1228
1221
1230
1246
1231
1264
1271
1255
1207
1182
1219
1249
1206
1167
1248
1226
1260
1186
1228
1220
1279
1222
1270
1163
1325
1259
1263
1202
1243
1227
1255
1194
1196
1266
1227
1240
1247
1174
1231
1238
1297
1236
1190
1198
1239
1194
1205
1272
1269
1225
1244
1291
1228
1186
1200
1208
1255
1223
1254
1231
1289
1206
1232
1214
1203
1221
1127
1199
1207
1209
1259
1217
1194
1249
1200
1282
1246
1241
1197
1187
1244
1271
1208
1228
1193
1208
1225
1186
1285
1211
1234
1170
1265
1294
1196
1219
1202
1202
1204
1158
1199
1230
1302
1273
1195
1271
1160
1245
1241
1232
1253
1229
1218
1169
1244
1218
1216
1281
1262
1267
1234
1215
1235
1233
1214
1230
1188
1213
1201
1194
1306
1262
1198
1196
1217
1233
1176
1191
1228
1197
1259
1209
1224
1242
1225
1234
1220
1274
1257
1160
1164
1231
1233
1164
1257
1291
1171
1191
1236
1170
1217
1235
1215
1196
1254
1216
1244
1252
1225
1252
1232
1187
1199
1241
1240
1180
1223
1236
1219
1195
1188
1233
1240
1208
1244
1151
1220
1173
1256
1151
1192
1289
1169
1216
1180
1220
1232
1172
1240
1213
1272
1227
1235
1193
1210
1233
1206
1237
1242
1201
1171
1139
1253
1260
1208
1258
1212
1167
1216
1224
1182
1246
1235
1283
1171
1169
1261
1152
1156
1279
1216
1255
1194
1173
1231
1210
1236
1279
1209
1292
1198
1238
1244
1273
1255
1227
1198
1174
1208
1221
1250
1235
1228
1256
1215
1195
1214
1289
1228
1253
1214
1267
1197
1218
1192
1174
1223
1261
1224
1202
1240
1226
1164
1255
1230
1179
1198
1158
1191
1209
1216
1184
1196
1213
1272
1234
1293
1300
1217
1248
1197
1259
1190
1212
1141
1220
1179
1238
1202
1195
1259
1276
1255
1219
1217
1126
1207
1240
1164
1224
1198
1231
1222
1166
1224
1291
1149
1203
1220
1228
1271
1178
1219
1217
1240
1254
1209
1316
1155
1266
1217
1188
1224
1164
1219
1228
1237
1193
1272
1246
1210
1191
1155
1164
1174
1264
1204
1241
1127
1211
1148
1192
1179
1288
1254
1291
1153
1145
1292
1159
1262
1257
1278
1200
1279
1219
1272
1185
1254
1181
1201
1324
1170
1152
1241
1237
1251
1179
1180
1294
1298
1209
1205
1261
1198
1256
1271
1260
1235
1272
1243
1180
1146
1287
1234
1226
1224
1268
1181
1210
1197
1232
1180
1219
1286
1215
1162
1298
1208
1230
1121
1223
1143
1247
1177
1247
1174
1254
1217
1181
1178
1261
1181
1300
1236
1272
1164
1154
1189
1265
1202
1176
1180
1181
1276
1286
1146
1250
1262
1243
1155
1175
1213
1237
1198
1225
1200
1263
1170
1238
1118
1311
1192
1210
1240
1215
1239
1236
1247
1244
1178
1201
1238
1301
1208
1254
1149
1227
1205
1222
1148
1231
1182
1231
1217
1265
1216
1178
1219
1210
1220
1244
1173
1243
1168
1232
1231
1181
1148
1201
1222
1265
1274
1256
1248
1211
1300
1224
1259
1227
1254
1273
1238
1187
1212
1291
1179
1231
1226
1182
1244
1197
1262
1276
1181
1223
1220
1300
1233
1220
1219
1129
1215
1187
1219
1209
1243
1277
1245
1240
1230
1209
1176
1155
1217
1218
1243
1237
1248
1175
1228
1272
1260
1231
1243
1196
1205
1194
1172
1250
1227
1271
1209
1196
1333
1250
1173
1255
1258
1260
1208
1226
1252
1198
1222
1213
1222
1209
1189
1197
1270
1215
1198
1170
1268
1199
1280
1304
1251
1204
1154
1160
1240
1208
1229
1113
1204
1231
1222
1203
1218
1220
1296
1216
1251
1310
1167
1165
1178
1189
1204
1234
1214
1229
1226
1211
1268
1266
1258
1169
1192
1219
1312
1213
1232
1240
1276
1198
1267
1251
1249
1184
1222
1271
1205
1253
1248
1224
1163
1270
1215
1251
1192
1242
1216
1248
1207
1163
1200
1216
1220
1230
1270
1227
1212
1221
1244
