862
824
790
846
883
840
925
817
886
847
840
887
853
866
881
823
856
876
921
884
881
895
849
854
898
884
838
888
830
918
858
878
865
840
873
909
895
874
870
899
877
870
787
869
883
874
856
957
835
913
913
917
882
863
836
862
896
928
890
933
851
873
902
853
896
880
894
881
852
874
868
950
856
859
948
871
824
828
904
850
919
891
840
874
889
938
900
841
814
850
870
855
889
862
863
912
886
931
845
842
875
856
852
904
887
848
924
852
854
894
865
806
898
836
841
848
827
813
883
944
874
877
875
902
833
881
796
876
943
863
871
862
867
930
864
844
833
857
910
921
921
868
807
871
884
916
898
883
928
903
876
897
888
881
938
862
885
873
880
881
900
870
874
816
910
922
806
881
837
924
841
889
908
828
808
878
839
850
876
929
880
840
830
852
829
859
918
879
935
844
844
856
869
837
928
865
864
935
820
844
830
827
872
857
870
818
908
821
819
910
904
864
883
849
890
908
861
854
892
887
940
908
851
891
898
864
901
907
813
863
897
863
911
873
875
815
931
875
838
869
844
873
881
858
879
852
853
877
816
937
881
851
851
852
906
876
811
824
871
817
831
977
848
897
879
930
857
861
835
863
892
878
879
851
876
867
813
858
881
867
851
847
844
865
809
874
913
846
817
882
888
822
881
814
796
872
871
863
901
928
862
842
818
790
861
849
866
882
902
839
904
838
875
882
886
866
864
892
856
864
873
860
832
881
864
807
860
890
876
872
942
872
871
868
898
909
840
876
856
900
803
829
863
872
824
856
870
831
875
828
844
901
841
886
894
864
890
910
892
874
857
926
852
861
884
852
848
869
863
872
902
842
899
828
830
817
867
828
878
871
874
801
837
888
899
869
833
824
828
856
823
905
825
815
891
834
894
850
791
849
849
871
895
847
848
907
884
877
896
886
861
859
906
887
905
855
860
871
880
850
885
901
849
895
857
853
829
861
900
872
889
839
878
883
867
866
870
827
943
843
864
869
872
901
893
849
925
876
869
861
838
906
928
898
839
872
805
840
843
864
840
845
823
915
915
845
823
890
829
899
826
888
906
808
917
881
776
867
866
912
925
876
812
868
844
876
875
862
810
803
856
870
848
857
868
821
896
840
860
806
883
945
857
841
927
920
893
870
892
881
893
838
933
833
871
812
857
870
868
844
844
891
810
834
893
856
765
883
929
860
912
875
935
892
825
838
868
866
925
856
891
873
842
862
879
902
881
844
842
891
880
865
891
873
835
799
861
863
888
849
865
879
793
857
818
846
854
871
836
853
809
915
874
864
868
873
854
865
840
913
856
827
810
899
852
824
828
884
902
850
866
863
928
864
849
806
882
869
885
903
858
830
854
880
856
886
861
884
893
898
823
817
816
861
866
908
884
864
875
856
837
896
903
820
887
882
878
888
809
842
863
936
843
836
831
866
856
947
806
876
807
840
843
825
832
831
867
902
890
855
813
868
886
894
913
832
903
871
810
842
796
934
830
897
804
833
838
832
862
876
887
862
863
884
867
788
865
907
843
883
783
848
849
848
851
764
872
908
892
948
906
945
882
930
833
853
841
895
812
916
875
756
822
838
898
918
828
930
861
777
898
892
847
865
848
874
826
901
875
864
868
910
834
831
860
824
844
882
859
870
863
902
922
872
808
852
888
924
760
780
817
921
883
858
816
816
819
893
876
878
856
825
840
826
824
863
816
887
901
839
857
841
878
843
852
851
823
798
874
844
875
896
901
820
891
818
806
863
887
845
845
857
854
904
834
808
887
842
876
791
838
891
858
822
834
833
851
812
841
863
877
905
875
861
907
941
842
841
911
873
806
855
811
888
896
910
915
847
862
868
885
875
896
870
881
856
865
910
891
854
847
809
868
799
887
861
908
818
842
856
812
842
833
819
862
786
889
909
818
869
924
934
829
880
856
870
852
832
833
844
877
855
934
896
855
905
870
884
848
838
855
861
878
838
800
830
814
875
834
867
812
861
861
836
847
830
846
828
800
902
875
843
886
855
893
861
850
822
839
876
922
922
801
838
840
847
796
860
876
798
